4.51769271536760e-05	
-3.72950412477252e-05	
1.30450351893319e-05	
1.80132157646282e-05	
-4.28360124656064e-05	
5.05945807106254e-05	
-3.75618081754635e-05	
8.92161487955450e-06	
2.33842268102039e-05	
-4.58413995109820e-05	
4.92501258651430e-05	
-3.26599089577438e-05	
3.60351333817660e-06	
2.54108870950846e-05	
-4.24858323947563e-05	
4.14296776884360e-05	
-2.40938583776092e-05	
-9.71759037844576e-07	
2.27432680640614e-05	
-3.27383417363356e-05	
2.84807474162983e-05	
-1.39324584238686e-05	
-3.06740204615728e-06	
1.48963261379807e-05	
-1.76773868621420e-05	
1.25706092897908e-05	
-4.38479678459994e-06	
-1.54360945145293e-06	
2.41989116192593e-06	
6.53642933634439e-07	
-3.70543499516023e-06	
2.64758869144627e-06	
3.86024035640551e-06	
-1.31276599345352e-05	
1.95735293545348e-05	
-1.77953992294851e-05	
5.95625011279237e-06	
1.24169914027625e-05	
-2.94054227368471e-05	
3.62180301799958e-05	
-2.76548635687640e-05	
5.27290545528266e-06	
2.25048203912788e-05	
-4.36814579789600e-05	
4.80420549368724e-05	
-3.21166848618629e-05	
1.32633505679778e-06	
3.18923233655634e-05	
-5.33227838757691e-05	
5.32772992802760e-05	
-3.10941406327912e-05	
-4.30757023666409e-06	
3.81682472501999e-05	
-5.62951877967937e-05	
5.12584144001977e-05	
-2.55749343332009e-05	
-9.53963722385966e-06	
3.92381244069653e-05	
-5.15780570376656e-05	
4.25522100286402e-05	
-1.74021786313125e-05	
-1.22250723577596e-05	
3.37929077889398e-05	
-3.94108615260850e-05	
2.88591082973939e-05	
-8.87963159092457e-06	
-1.06575384479914e-05	
2.16547819833869e-05	
-2.13157616114259e-05	
1.26982944567710e-05	
-2.27444022415598e-06	
-4.00031928332423e-06	
3.92367859027950e-06	
1.19217615659185e-07	
-3.06981824557062e-06	
6.85732696264412e-07	
7.43794166714269e-06	
-1.71176844944661e-05	
2.16667681861314e-05	
-1.57961516241478e-05	
-7.81613903456886e-07	
2.21499971904685e-05	
-3.83377363055281e-05	
4.00248109561281e-05	
-2.35640744415128e-05	
-6.29409492698909e-06	
3.76259272310137e-05	
-5.62793387664796e-05	
5.24164215078968e-05	
-2.55736422955497e-05	
-1.43267895445820e-05	
5.07764762487615e-05	
-6.77822995569446e-05	
5.71101957814952e-05	
-2.23056019120647e-05	
-2.24867460758022e-05	
5.85145265272878e-05	
-7.05895390514553e-05	
5.37555573096169e-05	
-1.54219076684518e-05	
-2.79985110061501e-05	
5.83884198593537e-05	
-6.38170852795272e-05	
4.34585606087194e-05	
-7.41088940260014e-06	
-2.83131059682181e-05	
4.91425215654781e-05	
-4.81874071686989e-05	
2.85716728869063e-05	
-1.03830512213930e-06	
-2.17209687057391e-05	
3.10859216743368e-05	
-2.59663713321428e-05	
1.22273478906318e-05	
1.29037308673866e-06	
-7.83962480750353e-06	
6.18020626692496e-06	
-5.99664939078077e-07	
-2.30090170146405e-06	
-1.87433704437247e-06	
1.21370128118753e-05	
-2.21924100502120e-05	
2.38953260417668e-05	
-1.22859720162985e-05	
-1.06031044775021e-05	
3.55000962051010e-05	
-4.97573395229027e-05	
4.36733967919366e-05	
-1.61418730814599e-05	
-2.34415167521799e-05	
5.84115740204452e-05	
-7.20872595356247e-05	
5.57982952078841e-05	
-1.37952060790285e-05	
-3.75931135129138e-05	
7.65615002555057e-05	
-8.54192960526490e-05	
5.88225417456504e-05	
-6.74178222078383e-06	
-4.94185993574660e-05	
8.59837737804405e-05	
-8.73910531628491e-05	
5.30839866465958e-05	
2.24246504663683e-06	
-5.51699400415409e-05	
8.38755303745318e-05	
-7.75428355388820e-05	
4.06441340754270e-05	
9.69552755179683e-06	
-5.18217096673033e-05	
6.92527320789540e-05	
-5.74713884023491e-05	
2.48636706004669e-05	
1.22594648281451e-05	
-3.78303481301425e-05	
4.32956590897295e-05	
-3.05848042610283e-05	
9.68668669709456e-06	
7.50781519364687e-06	
-1.36535276063445e-05	
9.29116560038923e-06	
-1.48736863595610e-06	
-1.22886511612555e-06	
-5.36837464053771e-06	
1.81011086935038e-05	
-2.78450088221937e-05	
2.48985031492924e-05	
-5.35558102934899e-06	
-2.51777237826644e-05	
5.29610487901229e-05	
-6.23971798689311e-05	
4.43049973493003e-05	
-1.93091222703264e-06	
-4.87580202945511e-05	
8.52850072232250e-05	
-8.88841335420720e-05	
5.39883735063338e-05	
7.77056696932557e-06	
-7.14471036407924e-05	
0.000109259346639916	
-0.000103101291137908	
5.33074382578458e-05	
2.06109249092290e-05	
-8.79317175394876e-05	
0.000120013022470462	
-0.000102958827217898	
4.38739484912324e-05	
3.22018365065773e-05	
-9.33248701112983e-05	
0.000114631081629114	
-8.89333665004472e-05	
2.92210142796551e-05	
3.78539904579940e-05	
-8.42614407722874e-05	
9.28520412337449e-05	
-6.40205752879341e-05	
1.40356717676971e-05	
3.36794007684173e-05	
-5.97811065062643e-05	
5.72852400008237e-05	
-3.31738796202543e-05	
3.09858643062718e-06	
1.76159027072082e-05	
-2.17945268414552e-05	
1.30729639492013e-05	
-2.32177310462554e-06	
1.46328227295064e-07	
-9.85785505922434e-06	
2.49990890756575e-05	
-3.29673554853402e-05	
2.28494992160921e-05	
6.90256715358667e-06	
-4.54997662402687e-05	
7.37694780834506e-05	
-7.35752286970661e-05	
3.81006699388372e-05	
2.25043308049490e-05	
-8.36650036060698e-05	
0.000116695696043515	
-0.000102421076761278	
4.15730137465924e-05	
4.34789412463082e-05	
-0.000117222967834788	
0.000146389652750307	
-0.000115346495045159	
3.42355169519781e-05	
6.43181033343103e-05	
-0.000138882124188118	
0.000157330291884229	
-0.000111207648125455	
1.97227576535690e-05	
7.85686932444952e-05	
-0.000142676032249603	
0.000147015666027634	
-9.21275911102680e-05	
3.56527144016361e-06	
8.02412258064665e-05	
-0.000125310950426624	
0.000116580308887299	
-6.30776832968050e-05	
-8.05355692348961e-06	
6.52529107293131e-05	
-8.70824128946328e-05	
7.07212773244679e-05	
-3.08464538397424e-05	
-9.76820301940867e-06	
3.25931643696206e-05	
-3.21377749438150e-05	
1.69112216030007e-05	
-2.58819290802048e-06	
1.58246740132133e-06	
-1.50644895551546e-05	
3.20166784145105e-05	
-3.59753979790590e-05	
1.57558157171451e-05	
2.59673343854160e-05	
-7.14822578427121e-05	
9.57142863034645e-05	
-7.93669561263460e-05	
2.08268234747876e-05	
5.98230257607834e-05	
-0.000127744731241612	
0.000148831920253802	
-0.000106690964579272	
1.26985278118340e-05	
9.64872715490851e-05	
-0.000173786844503270	
0.000182681101471699	
-0.000114706858305937	
-5.00819534968130e-06	
0.000127371749917746	
-0.000200292683118925	
0.000191710151455409	
-0.000104178815847206	
-2.58140401600906e-05	
0.000143677555910800	
-0.000200597355890508	
0.000174659012758164	
-7.97174605323771e-05	
-4.17705953635882e-05	
0.000138324608579645	
-0.000172198328546643	
0.000134902852677748	
-4.87882570970508e-05	
-4.52876298380880e-05	
0.000107696096420091	
-0.000117538379931971	
7.98761859479039e-05	
-2.00633846474672e-05	
-3.10227123745895e-05	
5.28095754614229e-05	
-4.38529834344352e-05	
1.96564957153443e-05	
-1.44497773449475e-06	
2.58142811812006e-06	
-2.03793993324709e-05	
3.79426977608046e-05	
-3.50328576397741e-05	
1.82325831502308e-06	
5.24782091544792e-05	
-0.000101671958616675	
0.000115153476439087	
-7.50051962468829e-05	
-1.14652149131126e-05	
0.000111153070920733	
-0.000178247949456393	
0.000175643241787299	
-9.45247015656318e-05	
-3.79454089062988e-05	
0.000167759849853638	
-0.000236944566269347	
0.000210156091015965	
-9.25334513941034e-05	
-7.01614330595506e-05	
0.000210091175723876	
-0.000266765742163829	
0.000214142254048711	
-7.28991023869989e-05	
-9.80217213576315e-05	
0.000227025734715270	
-0.000261121724694386	
0.000188691382678545	
-4.35869983061346e-05	
-0.000110973255234346	
0.000210968464808960	
-0.000219324537593672	
0.000140343796277256	
-1.48877779117539e-05	
-0.000100465811352356	
0.000159767945767444	
-0.000146992656888112	
7.97755995493600e-05	
2.95689981824409e-06	
-6.21855949866698e-05	
7.76710328971044e-05	
-5.52259699101418e-05	
1.95913422956660e-05	
2.23844992195633e-06	
2.44768628092418e-06	
-2.49514534455276e-05	
4.13395657140314e-05	
-2.83419357340751e-05	
-2.01684811802234e-05	
8.59018912771018e-05	
-0.000133133517329901	
0.000127249556065763	
-5.54675701665370e-05	
-6.16707964683970e-05	
0.000175439209996667	
-0.000229862392172428	
0.000189195337950760	
-5.84613670991586e-05	
-0.000114047387472985	
0.000255212851780330	
-0.000299185602213167	
0.000218622923169433	
-4.00584055584135e-05	
-0.000164828535087517	
0.000309198520833237	
-0.000329273729347510	
0.000213432191998048	
-8.55445826606963e-06	
-0.000199751685846429	
0.000324405632561194	
-0.000314812736075194	
0.000178378630823212	
2.39728629465519e-05	
-0.000205834187909655	
0.000293718753631266	
-0.000258206645789867	
0.000124047026965072	
4.43979004895462e-05	
-0.000174440376998105	
0.000217756851669350	
-0.000169292809077015	
6.45638587220596e-05	
4.16849169497213e-05	
-0.000103680618850344	
0.000105306224630194	
-6.35670776103851e-05	
1.44913661520935e-05	
9.76019587353341e-06	
4.20808547546248e-07	
-2.78458418467067e-05	
4.07736307627547e-05	
-1.44585262082426e-05	
-5.05334434960156e-05	
0.000124326917816096	
-0.000161527236051040	
0.000126403500989346	
-1.61839446881702e-05	
-0.000130891827939269	
0.000248985826083210	
-0.000274789221460059	
0.000180333832026135	
8.20038149679272e-06	
-0.000216631818529120	
0.000353118186275697	
-0.000349820425735619	
0.000196544083417637	
5.03183776237628e-05	
-0.000289281128511608	
0.000417198149971241	
-0.000375384035411375	
0.000177195136312318	
9.61410184667831e-05	
-0.000330224346642804	
0.000427351771700998	
-0.000349058420348744	
0.000132118355837410	
0.000128985511918003	
-0.000324699331058511	
0.000378369774757080	
-0.000277778023506131	
7.66284755460715e-05	
0.000133326611484807	
-0.000265318831856368	
0.000275171453004353	
-0.000176503604476122	
2.80691678847910e-05	
9.86320826565432e-05	
-0.000154341027730693	
0.000132342423281613	
-6.52342748195199e-05	
1.79086274554870e-06	
2.23824812779564e-05	
-4.12849200548088e-06	
-2.82517439175423e-05	
3.50703287342731e-05	
7.41548982733096e-06	
-8.84394802490081e-05	
0.000164418679155484	
-0.000181376409527389	
0.000106837471658318	
4.62225157864593e-05	
-0.000217819733190455	
0.000325259392190587	
-0.000303130525753382	
0.000139588379544485	
0.000110290456551141	
-0.000343180788242796	
0.000451850033276846	
-0.000375512803536118	
0.000132194076810340	
0.000183681586189718	
-0.000439460838524314	
0.000522148027679012	
-0.000389912863923715	
9.31449433618361e-05	
0.000245531288028079	
-0.000484053068266107	
0.000522982808524511	
-0.000348774686984034	
3.87011336692789e-05	
0.000274484193220911	
-0.000461627519650653	
0.000452877862514546	
-0.000265031523014626	
-1.07598758556259e-05	
0.000253596624772402	
-0.000367824694372002	
0.000322683823337756	
-0.000159362720339526	
-3.54796101618383e-05	
0.000174672606818267	
-0.000210987494975291	
0.000153805236993368	
-5.57829383367473e-05	
-2.11513935695040e-05	
4.10600662093800e-05	
-1.14596239947476e-05	
-2.57091404130847e-05	
2.35538366706479e-05	
3.72081474309948e-05	
-0.000131796692678992	
0.000201542512977232	
-0.000186490064584021	
6.32518329997422e-05	
0.000133254276059518	
-0.000318318737189356	
0.000394975700078818	
-0.000303541727168518	
5.82088257679338e-05	
0.000249727674679251	
-0.000487024711009165	
0.000538004591371781	
-0.000361145305206259	
1.49723556984475e-05	
0.000361347947089646	
-0.000606298969627091	
0.000607849155531101	
-0.000355933055327582	
-4.94681240285437e-05	
0.000439719691912577	
-0.000650598439085664	
0.000594255005985999	
-0.000297438583216856	
-0.000111304180160751	
0.000459325945446279	
-0.000605849085462540	
0.000501629701491890	
-0.000205934053456127	
-0.000145270047143467	
0.000403397837360240	
-0.000472884109913880	
0.000348330321814587	
-0.000107931191397115	
-0.000130658145532944	
0.000268404407026117	
-0.000268121504512031	
0.000163155860162109	
-3.02331417117379e-05	
-5.67064828479326e-05	
6.61243913498640e-05	
-2.12078349337010e-05	
-2.03212441344782e-05	
6.23171579252449e-06	
7.38577553576898e-05	
-0.000177290242577706	
0.000230033933795234	
-0.000170477970286575	
-8.53477198492643e-06	
0.000244005529750275	
-0.000425253893402716	
0.000446445946712850	
-0.000264051757880691	
-7.08040682322018e-05	
0.000424677070370984	
-0.000637059873313066	
0.000594853722172408	
-0.000290889794939232	
-0.000163298662506411	
0.000579852629969384	
-0.000775410531538982	
0.000654397506855761	
-0.000255987356111930	
-0.000258453543365491	
0.000673528247381474	
-0.000813698938267929	
0.000620559597819024	
-0.000178300074844998	
-0.000324213130824405	
0.000677248073571236	
-0.000741555119770950	
0.000505996926978559	
-8.64799706017137e-05	
-0.000331242081881366	
0.000576650873443796	
-0.000567456366896419	
0.000337917332670306	
-1.23462666013726e-05	
-0.000260065046745895	
0.000375607800575475	
-0.000317749521162518	
0.000152446746031917	
1.65802372607327e-05	
-0.000106584015898769	
9.69517051476773e-05	
-3.21408612509515e-05	
-1.29220847526098e-05	
-1.61080245534438e-05	
0.000115319200048062	
-0.000220548812331863	
0.000243564138820921	
-0.000127268354868287	
-0.000111061618711619	
0.000374842306675508	
-0.000528560113817762	
0.000466093891017657	
-0.000172902116721571	
-0.000251828394818199	
0.000628999353858269	
-0.000777780001521233	
0.000603005563824126	
-0.000149285148723965	
-0.000407281412834850	
0.000830278306079138	
-0.000927131088079639	
0.000638938813681343	
-7.32809034257928e-05	
-0.000537512059423053	
0.000935809056290013	
-0.000951726119375259	
0.000578488068466463	
2.44548465447284e-05	
-0.000602122387855352	
0.000916239497313258	
-0.000847952853741067	
0.000445009184236167	
0.000106314715121143	
-0.000569280719863490	
0.000762481116791142	
-0.000634547583726544	
0.000275500940072248	
0.000136464566883359	
-0.000423651077847686	
0.000488829792625395	
-0.000349303504600017	
0.000112529399729902	
8.96391854488839e-05	
-0.000171438625966558	
0.000131638142141109	
-4.19422377356468e-05	
-5.17961100857926e-06	
-4.19079048980593e-05	
0.000158699020261460	
-0.000256411522680260	
0.000235515107295006	
-5.15127697439804e-05	
-0.000244919085981053	
0.000519329193165350	
-0.000615481997808762	
0.000438978119980872	
-1.91976843580184e-05	
-0.000486075098754402	
0.000852033902302113	
-0.000889505660815134	
0.000541029072752611	
7.79572317830458e-05	
-0.000717437160104871	
0.00109795697441093	
-0.00103673192391831	
0.000536324591753631	
0.000207466885985316	
-0.000885509057288987	
0.00120911304989181	
-0.00103776285856475	
0.000442437912035588	
0.000324910065873161	
-0.000942224746363175	
0.00115820452637399	
-0.000899374185489439	
0.000295835403624201	
0.000383756864340432	
-0.000855666233719454	
0.000944887795991966	
-0.000653219895323450	
0.000143694385206625	
0.000346311468159048	
-0.000618249653258434	
0.000597059196481531	
-0.000349538082405944	
3.31752235996159e-05	
0.000193458838471040	
-0.000250519277414682	
0.000166683178322757	
-4.70105295603537e-05	
3.64977804757264e-07	
-6.89649291727235e-05	
0.000200501565818729	
-0.000279222479256927	
0.000199235256064901	
6.12726869577096e-05	
-0.000408761522200344	
0.000668385967552415	
-0.000670816848222779	
0.000349037611493680	
0.000206924316071760	
-0.000771541166886117	
0.00107867183874889	
-0.000948533645374218	
0.000385618159400182	
0.000403825963253994	
-0.00108995764437762	
0.00136245313839756	
-0.00107443253729751	
0.000319137959089900	
0.000599980400542723	
-0.00129639945104454	
0.00146956946955601	
-0.00103945166060436	
0.000184478520879249	
0.000735467527087080	
-0.00133671768039949	
0.00137872947752923	
-0.000864966884222454	
3.35183728880660e-05	
0.000755575659285542	
-0.00118222131706917	
0.00110240900892197	
-0.000598180853064481	
-7.66459478634674e-05	
0.000623819144166017	
-0.000837376955817453	
0.000685336013101501	
-0.000302125333259574	
-9.71604033871978e-05	
0.000332052549105123	
-0.000341396301240458	
0.000196630782167659	
-4.22082189901270e-05	
2.86043011593289e-07	
-9.46557699029769e-05	
0.000236947607655165	
-0.000283034450364852	
0.000127971400863215	
0.000215053512768758	
-0.000599763738638279	
0.000810585391501201	
-0.000676823805961001	
0.000178560244588116	
0.000515079285455775	
-0.00110368194682347	
0.00128953612460890	
-0.000926629324148895	
0.000110515493207365	
0.000841232471380475	
-0.00151757587826889	
0.00159752228248003	
-0.00100441181413848	
-4.39072724214398e-05	
0.00111798792400813	
-0.00176004995846435	
0.00168654663635271	
-0.000917557680374893	
-0.000227629244639964	
0.00126854836860956	
-0.00177348969379898	
0.00154643647841075	
-0.000706967568044928	
-0.000371113830244213	
0.00123149982171759	
-0.00153673481873487	
0.00120725902656243	
-0.000438055187825144	
-0.000408246610641115	
0.000975593886792367	
-0.00107133071212881	
0.000733878084209037	
-0.000186321240608425	
-0.000292486233083103	
0.000509440807198778	
-0.000439771608890894	
0.000213495712231442	
-2.03709674848682e-05	
-9.81131971864481e-06	
-0.000116236089618519	
0.000264304142176353	
-0.000261510657202238	
1.40976549638206e-05	
0.000414527287481215	
-0.000814735825099782	
0.000932378666626787	
-0.000612091902054182	
-9.41440703718740e-05	
0.000917305085211146	
-0.00147718836437951	
0.00146081157799497	
-0.000788602796632968	
-0.000317445599712779	
0.00140694726655526	
-0.00199171121375714	
0.00177028497904904	
-0.000781035682901428	
-0.000593342505788541	
0.00178002592729665	
-0.00226437286686160	
0.00182103329728277	
-0.000621074345586121	
-0.000836696380750199	
0.00194166138931587	
-0.00223786671749151	
0.00162064812004777	
-0.000375237686882962	
-0.000957779801454761	
0.00182586886011653	
-0.00190405042394719	
0.00122262762735961	
-0.000130214587671936	
-0.000882801089118904	
0.00141166298292726	
-0.00130755156003063	
0.000715654673124511	
2.68200291091379e-05	
-0.000572643006435220	
0.000731350727719918	
-0.000539305875568425	
0.000205485529959729	
2.89276612723153e-05	
-3.57065747679278e-05	
-0.000131175180842880	
0.000279129801257127	
-0.000207071915501928	
-0.000153235241038507	
0.000668274512167227	
-0.00105242719668264	
0.00101774921756182	
-0.000447657086355650	
-0.000501354153740522	
0.00143490676815775	
-0.00188981987904472	
0.00156258000419239	
-0.000484812494576728	
-0.000949307910779759	
0.00213168220316939	
-0.00250708196044778	
0.00183765354520226	
-0.000337716265697250	
-0.00139362663105804	
0.00262171464151086	
-0.00279981142016371	
0.00181993366782275	
-7.31513602705593e-05	
-0.00171306938305411	
0.00279034701177437	
-0.00271612251346553	
0.00154390831810579	
0.000208184804224396	
-0.00179383760118567	
0.00256945481309908	
-0.00226805906323704	
0.00109450967277453	
0.000393692401788273	
-0.00155554260574970	
0.00195441567403327	
-0.00153108199618517	
0.000589356052734120	
0.000384992353513011	
-0.000972565349670097	
0.00100988366036468	
-0.000631197272233627	
0.000153549065505758	
0.000122840330924346	
-8.60322559576017e-05	
-0.000137480803203851	
0.000278250481597117	
-0.000108047309299017	
-0.000394568248421219	
0.000996776317354297	
-0.00131867822003566	
0.00104591788076815	
-0.000135343671507426	
-0.00110427894445089	
0.00211643380317329	
-0.00235128171105832	
0.00155229542906610	
7.09764346575636e-05	
-0.00188464156538674	
0.00308699146274810	
-0.00307242619065273	
0.00173401407067960	
0.000445892083701807	
-0.00257456231998034	
0.00372896946615278	
-0.00336961372184126	
0.00159742125180415	
0.000870473249579120	
-0.00300303701749703	
0.00390371633248249	
-0.00320316588630286	
0.00121812780311676	
0.00119506924164028	
-0.00302375728132900	
0.00354247640902156	
-0.00261547733757802	
0.000725900159394145	
0.00127131397818508	
-0.00254817950135047	
0.00266412372693260	
-0.00172458217510005	
0.000277220281642810	
0.000986922193227082	
-0.00157027374673135	
0.00137736913055356	
-0.000702524913339037	
2.04855753337916e-05	
0.000296248219272888	
-0.000177333582618319	
-0.000133969215556620	
0.000257924502929801	
6.06299432908822e-05	
-0.000760080847152686	
0.00145642323266681	
-0.00164081803733392	
0.000982153605541551	
0.000430509372666194	
-0.00205145094738372	
0.00309359026661597	
-0.00290895137519824	
0.00135066402223369	
0.00107552944018966	
-0.00337166268927685	
0.00447140168638175	
-0.00374218209192483	
0.00132650818817009	
0.00185578622844923	
-0.00447022926004689	
0.00534745793800576	
-0.00402044889704311	
0.000967029879880959	
0.00256680063131775	
-0.00509594273299355	
0.00554520492170424	
-0.00372509702789905	
0.000416442659992315	
0.00297631300201389	
-0.00504534033902052	
0.00499051859835815	
-0.00294565446930118	
-0.000120669600519725	
0.00287124555410680	
-0.00420719553098519	
0.00373185924286538	
-0.00186561867281732	
-0.000421093748269259	
0.00210649516200122	
-0.00259424502748536	
0.00193906672762503	
-0.000728642663228188	
-0.000292887357636869	
0.000646209629203461	
-0.000355117009031863	
-0.000120442010170133	
0.000209656479492683	
0.000375738221224466	
-0.00141109993556523	
0.00223739001395082	
-0.00212517639411995	
0.000735976011199649	
0.00157820840687656	
-0.00382988469158230	
0.00482143139234180	
-0.00375604820743906	
0.000729716766321838	
0.00317039617411594	
-0.00625990022569409	
0.00700010141039123	
-0.00475629267109695	
0.000199589718417707	
0.00487584845642057	
-0.00828174162147700	
0.00840602509789498	
-0.00498410834850585	
-0.000701530594725831	
0.00631669314708887	
-0.00946941331211917	
0.00876588447186321	
-0.00444798768126536	
-0.00168797802411981	
0.00706688353812913	
-0.00946030563143822	
0.00795358461124795	
-0.00331726417285303	
-0.00237885837950409	
0.00672017078026580	
-0.00802101649343761	
0.00602213251289514	
-0.00190443014616667	
-0.00235703245627935	
0.00496206161645042	
-0.00509747874612767	
0.00320749832535044	
-0.000620614813858212	
-0.00124062365952805	
0.00163363435847368	
-0.000839912186572636	
-9.77435680222271e-05	
8.95804597515448e-05	
0.00124458374956863	
-0.00322422643667300	
0.00440306947343928	
-0.00339809202779598	
-0.000176225480551985	
0.00520430015887746	
-0.00935489555959143	
0.0101219096316273	
-0.00616841599299082	
-0.00170439001585938	
0.0105375491411508	
-0.0163027421090683	
0.0157105593372105	
-0.00793553486796964	
-0.00460597157451582	
0.0169289376034319	
-0.0234616298973796	
0.0205486934637889	
-0.00835494284592820	
-0.00878266367053782	
0.0238743773295426	
-0.0301489725719758	
0.0240892083556927	
-0.00726993079520043	
-0.0139247585415015	
0.0307377915587860	
-0.0356947099100699	
0.0259372894599697	
-0.00474293481311215	
-0.0195428210434568	
0.0368311254672643	
-0.0395318161954822	
0.0259083886224487	
-0.00105329985500774	
-0.0250291946366257	
0.0415059200177103	
-0.0412743706115891	
0.0240556425513810	
0.00333892762307789	
-0.0297404325218887	
0.0442425232795343	
-0.0407709504345169	
0.0206620838630883	
0.00785798654863976	
-0.0330881195979510	
0.0447231056650948	
-0.0381248886286252	
0.0161986427275243	
0.0118961984073287	
-0.0346239636456500	
0.0428770294687559	
-0.0336781491307282	
0.0112544585050317	
0.0149034493215126	
-0.0341057784418265	
0.0388914167513715	
-0.0279613451488435	
0.00645048059865829	
0.0164682437483183	
-0.0315339478125802	
0.0331852497158665	
-0.0216177874233008	
0.00234997957494630	
0.0163775710393696	
-0.0271526547770659	
0.0263511031287615	
-0.0153134990566877	
-0.000620030381415428	
0.0146462934726444	
-0.0214157925938064	
0.0190736806780191	
-0.00964719633507175	
-0.00222439212302801	
0.0115117515296060	
-0.0149230936463468	
0.0120378597823071	
-0.00507397988931838	
-0.00244427013485626	
0.00739493728851297	
-0.00833667333175378	
0.00584036442238444	
-0.00185397632326614	
-0.00146751648742198	
0.00283494925918062	
-0.00229111638344067	
0.000918272815027968	
-3.28705690959015e-05	
0.000352432918065522	
-0.00159238902444036	
0.00268903608127448	
-0.00249548321617295	
0.000544070944703893	
0.00256146788236855	
-0.00535857330696855	
0.00625209451975584	
-0.00438410398058399	
0.000188345009043314	
0.00468221762293692	
-0.00805589082075144	
0.00825355117880241	
-0.00492627206692508	
-0.000696564483631016	
0.00629101170600886	
-0.00944921510344478	
0.00875802827224289	
-0.00444798768126389	
-0.00168949218825333	
0.00708198938415240	
-0.00949892490176210	
0.00801028917446017	
-0.00335621009832386	
-0.00242280477932762	
0.00690857402275215	
-0.00835272173101275	
0.00638167020522516	
-0.00206610682295448	
-0.00263903019530641	
0.00579669416714649	
-0.00630928352668670	
0.00430194872330071	
-0.000934111335231345	
-0.00222443346885004	
0.00392908461759730	
-0.00376115965887447	
0.00218849029061450	
-0.000207317776724275	
-0.00121539842887825	
0.00160486319192606	
-0.00112734780566921	
0.000384272443288628	
3.63418266155974e-06	
0.000221687408511559	
-0.000817481386920242	
0.00121286895583774	
-0.000885807818531377	
-0.000274544315220456	
0.00183185773065199	
-0.00298318177662126	
0.00297412414394493	
-0.00153460979897815	
-0.000901180945770593	
0.00332573965299313	
-0.00459939578984843	
0.00399916311493260	
-0.00160712941201366	
-0.00166330973609491	
0.00443619086232037	
-0.00547900411163457	
0.00426887710501016	
-0.00125272753718626	
-0.00232680604361960	
0.00496728244916432	
-0.00556350788415198	
0.00388841320073126	
-0.000681967442434056	
-0.00268708168149216	
0.00482743928642575	
-0.00492252487988093	
0.00305369553182659	
-0.000117038493995309	
-0.00261015244044747	
0.00404182384605068	
-0.00373159552304871	
0.00200579094634233	
0.000254762137024789	
-0.00205720759340044	
0.00274301977263419	
-0.00223368622304680	
0.000982153605541776	
0.000316242960459196	
-0.00108923050801649	
0.00114299534871300	
-0.000692291087575265	
0.000173681782338896	
3.86129296491104e-05	
0.000147930500398756	
-0.000507497097379459	
0.000655004610366338	
-0.000305172876674701	
-0.000519266580940778	
0.00145408015149159	
-0.00196403591030343	
0.00163431552038902	
-0.000428895389336308	
-0.00122913000333423	
0.00261418128426725	
-0.00302977403217289	
0.00215852884688644	
-0.000255148207084125	
-0.00192434945852797	
0.00343896037397316	
-0.00358563119502442	
0.00223266625612295	
9.66514085043267e-05	
-0.00243695665175811	
0.00379896361040293	
-0.00360469632359513	
0.00194197829161620	
0.000477089456819492	
-0.00263311347677941	
0.00364605033720718	
-0.00314927119479950	
0.00142635524783524	
0.000741939006835441	
-0.00244023122778583	
0.00301897288750284	
-0.00235226053863533	
0.000846922022317129	
0.000783668006686743	
-0.00186090603754288	
0.00203283353361922	
-0.00138738308082535	
0.000351735839647047	
0.000553326431627655	
-0.000971610115411826	
0.000855221684982113	
-0.000434456672459709	
4.71981547706935e-05	
6.90836939960254e-05	
9.29069781770580e-05	
-0.000325837413791460	
0.000353478477881270	
-1.97409897061542e-05	
-0.000589513196431561	
0.00116587517329112	
-0.00133574748314016	
0.000875217682032932	
0.000134090148303344	
-0.00129966751210382	
0.00207993475553907	
-0.00204266236654938	
0.00109450967277393	
0.000437134219842739	
-0.00192164510193476	
0.00269753940279195	
-0.00237711725775994	
0.00103964045839222	
0.000782847366053554	
-0.00232768900082789	
0.00293462604313104	
-0.00233893739623586	
0.000790568963778454	
0.00105552569110076	
-0.00242771888088367	
0.00277340277454147	
-0.00199096159648037	
0.000457015701608886	
0.00115667663151448	
-0.00218689606308222	
0.00226237460294680	
-0.00144163317962080	
0.000152434693571096	
0.00102659084805557	
-0.00163193902715326	
0.00150424011494094	
-0.000820495902370770	
-3.07092729113341e-05	
0.000656994320029253	
-0.000845394358674913	
0.000634558856672541	
-0.000251736456025099	
-3.95208164071011e-05	
9.26258956077367e-05	
5.05670295734479e-05	
-0.000204311881075348	
0.000169027096704671	
0.000130233255697668	
-0.000578124334253229	
0.000917306368700118	
-0.000888854116475361	
0.000390456411642808	
0.000435799045205749	
-0.00124122576570407	
0.00162512168369602	
-0.00133480578589138	
0.000411162255653765	
0.000798952625980982	
-0.00177977006778548	
0.00207597559844025	
-0.00150882532736985	
0.000274901952945039	
0.00112452135798132	
-0.00209681694750953	
0.00221936055350109	
-0.00142974764193944	
5.69536675106562e-05	
0.00132181333261201	
-0.00213382888579536	
0.00205862727276343	
-0.00115986972018557	
-0.000155039231061645	
0.00132446868514449	
-0.00188124613758730	
0.00164705789853947	
-0.000788602796632631	
-0.000281549426924442	
0.00110476034471329	
-0.00137942621455957	
0.00107496555875002	
-0.000412171822747821	
-0.000268732422677655	
0.000679647230492346	
-0.000710118682561591	
0.000450757610959600	
-0.000113598760733120	
-9.96423581682096e-05	
0.000107635112128137	
1.95251301339935e-05	
-0.000120094345653636	
5.30953688037388e-05	
0.000202894660498704	
-0.000522636110570431	
0.000697048257920241	
-0.000554042821779585	
7.15921620557232e-05	
0.000581969909676664	
-0.00110955622611823	
0.00122488449319411	
-0.000802896899384704	
-3.64274875199406e-05	
0.000959331011667919	
-0.00155789721594009	
0.00153681076375753	
-0.000859457496555913	
-0.000218953447010718	
0.00125230299042592	
-0.00179649611556839	
0.00160771238028440	
-0.000754759280632862	
-0.000407272513222620	
0.00139129923841293	
-0.00179088442764143	
0.00145514979407090	
-0.000548000379915135	
-0.000532444537317582	
0.00133435126110074	
-0.00154859927918102	
0.00113287399208901	
-0.000311619821559506	
-0.000541098208374915	
0.00107581663514797	
-0.00111642783262321	
0.000717988168336209	
-0.000114806035780556	
-0.000407316744150101	
0.000647690054815248	
-0.000570435457964727	
0.000294597273128742	
-8.85203472351969e-06	
-0.000138316666619993	
0.000113469816887961	
-9.92438497338206e-07	
-6.26809199903789e-05	
-1.72206653906310e-05	
0.000227025236939008	
-0.000443991463169308	
0.000504114122133082	
-0.000302125333259480	
-0.000132088193060522	
0.000626257880627654	
-0.000938087550674285	
0.000875166687031928	
-0.000402804369267335	
-0.000317738977041827	
0.000986201194573228	
-0.00129436205516828	
0.00107171453160133	
-0.000375736756482967	
-0.000519779430189474	
0.00123780624318708	
-0.00146362564746602	
0.00108756873077478	
-0.000258506687073488	
-0.000678006020799568	
0.00132997819818383	
-0.00142986317193882	
0.000948985176428210	
-0.000104814341759128	
-0.000740113879789909	
0.00123962368655325	
-0.00121162098458662	
0.000706786800233976	
2.86207820928858e-05	
-0.000673377952857477	
0.000976030864705133	
-0.000856889423962230	
0.000424323555050383	
9.49781405713029e-05	
-0.000471963129445603	
0.000578880951643718	
-0.000432760111957863	
0.000163885782616777	
6.74275104073444e-05	
-0.000158494180510460	
0.000110473659917550	
-1.20958863564134e-05	
-2.56486310659241e-05	
-5.55544975704424e-05	
0.000220272817020273	
-0.000356132493692093	
0.000340073114700495	
-0.000117547537110047	
-0.000250530136647489	
0.000602640338155476	
-0.000750625724478759	
0.000577793050590023	
-0.000110802229494091	
-0.000474803302262502	
0.000924041375158144	
-0.00101792581687590	
0.000681029531713688	
-2.81283480121534e-05	
-0.000676094563424958	
0.00112950398635752	
-0.00112728940919783	
0.000657038274263606	
9.08859068007161e-05	
-0.000804048478675091	
0.00118402482695894	
-0.00107643632029090	
0.000536324591753287	
0.000199814461666308	
-0.000821140590313497	
0.00107886857044970	
-0.000890139324669375	
0.000364319374799035	
0.000256375461786676	
-0.000710761039523897	
0.000832685854894617	
-0.000613825658191032	
0.000190689629831251	
0.000232036006574764	
-0.000480901036168991	
0.000487404056050756	
-0.000303686723755613	
5.85714876892393e-05	
0.000118298971080444	
-0.000162809569882808	
9.98742121786954e-05	
-1.54020351600365e-05	
-4.09159987953478e-06	
-7.15086731151921e-05	
0.000194979486253010	
-0.000268949319790889	
0.000206251423665085	
1.05397837370530e-05	
-0.000305159728129700	
0.000535935793956132	
-0.000565110211926048	
0.000334925333149383	
8.98429277174211e-05	
-0.000538405938325813	
0.000806205444908403	
-0.000750885432042241	
0.000366053076501579	
0.000204766285374593	
-0.000724276779011575	
0.000964528851151088	
-0.000810468584154928	
0.000315619227923731	
0.000317204572882328	
-0.000822824092219157	
0.000989489607323301	
-0.000751189061355387	
0.000214871247777435	
0.000389030567748461	
-0.000809315778022181	
0.000882777307956619	
-0.000600273430064898	
0.000102284638522922	
0.000390832133426509	
-0.000679261848847640	
0.000667981861245679	
-0.000398030276770711	
1.45773042905640e-05	
0.000308543621837157	
-0.000449347017555593	
0.000385333049640799	
-0.000188998677500996	
-2.13310270628174e-05	
0.000146662826147539	
-0.000154194691469312	
8.35760492336950e-05	
-1.29220847526031e-05	
6.19466685668320e-06	
-7.25082878949457e-05	
0.000160279047782665	
-0.000189318179475868	
0.000102654932981585	
9.15825315220269e-05	
-0.000313329540137979	
0.000445512404014872	
-0.000394758819944263	
0.000146789391423910	
0.000213930398856167	
-0.000533981155298865	
0.000659192131135874	
-0.000509831233556820	
0.000125839030538875	
0.000342126620330184	
-0.000694789844199679	
0.000772659265545052	
-0.000530191170195839	
6.05375800806921e-05	
0.000442018783039297	
-0.000766012856851578	
0.000775452212529895	
-0.000469190778276948	
-1.97456026334044e-05	
0.000484062286225595	
-0.000733537091889407	
0.000676232254891148	
-0.000353633499233195	
-8.42228405467261e-05	
0.000449843033889733	
-0.000601420273890462	
0.000500078877173627	
-0.000217202165150452	
-0.000107809152036855	
0.000336158309130955	
-0.000390867999648449	
0.000282854548037375	
-9.30116424051877e-05	
-7.66689221116711e-05	
0.000155885094216362	
-0.000135962496218386	
6.38801722955787e-05	
-6.83391115089857e-06	
8.89895309417333e-06	
-6.44549096847716e-05	
0.000122910583922205	
-0.000121567026807829	
2.76752640119955e-05	
0.000134730257169099	
-0.000289852243308511	
0.000346574385716251	
-0.000248463597777468	
1.08941936219408e-05	
0.000276043106862856	
-0.000483578325813544	
0.000504020659311875	
-0.000305820435849141	
-4.39320697612399e-05	
0.000402883779574241	
-0.000614170254497293	
0.000577498724947450	
-0.000297438583216470	
-0.000114533700925250	
0.000486569873664259	
-0.000661242240843696	
0.000564842048752252	
-0.000239679001957460	
-0.000175195746144215	
0.000505770585829985	
-0.000619018182597453	
0.000478725242060336	
-0.000156879492235377	
-0.000202827113295424	
0.000450986948637785	
-0.000496973443532451	
0.000343162436789214	
-7.54893846946786e-05	
-0.000182227453870636	
0.000326563683897084	
-0.000317569343379437	
0.000188084965103605	
-1.81927042279918e-05	
-0.000109482232466087	
0.000149894175151713	
-0.000111637626916607	
4.31710500345052e-05	
7.75740227203181e-07	
7.15385149486230e-06	
-5.19426488789128e-05	
8.75895389959253e-05	
-6.78150833226728e-05	
-2.17766376298709e-05	
0.000148983257034972	
-0.000247368304914697	
0.000250587346960299	
-0.000131087663190722	
-7.79226905881386e-05	
0.000290761188163034	
-0.000406231799516359	
0.000356597672142402	
-0.000144599429494073	
-0.000150941458915883	
0.000405892892622586	
-0.000505289605703194	
0.000396718202360496	
-0.000117290811859755	
-0.000219447175851326	
0.000471831893811325	
-0.000532185959471972	
0.000374534473943940	
-6.61388529964652e-05	
-0.000262377828207404	
0.000474577564891160	
-0.000487220545197534	
0.000304318107713100	
-1.17443384425387e-05	
-0.000263764597724622	
0.000411392366691414	
-0.000382657469449468	
0.000207294414669815	
2.65477729181650e-05	
-0.000216294348563217	
0.000291249389010948	
-0.000239824271577278	
0.000106837471658191	
3.49575707977753e-05	
-0.000122965520878210	
0.000132993634750704	
-8.46723127030109e-05	
2.36157369020132e-05	
8.14278560802209e-06	
3.44396069399774e-06	
-3.83429959801775e-05	
5.72609426748878e-05	
-2.83374025980264e-05	
-4.98929416425201e-05	
0.000142920446483445	
-0.000196283915363189	
0.000165478068367167	
-4.38956074428206e-05	
-0.000126954122111425	
0.000272190999195701	
-0.000317741731945121	
0.000227861604407158	
-2.70981375547525e-05	
-0.000205538608337168	
0.000369284975305599	
-0.000387002241480905	
0.000242155374943344	
1.05323886351772e-05	
-0.000266781101388471	
0.000417747190213193	
-0.000398127312908949	
0.000215415381327806	
5.31490492197292e-05	
-0.000294593474456625	
0.000409674898126297	
-0.000355391411985045	
0.000161672093412392	
8.44757215099426e-05	
-0.000279135862747834	
0.000347018551814579	
-0.000271772369093255	
9.83889347683252e-05	
9.15855894373538e-05	
-0.000218924507029849	
0.000240954786332569	
-0.000165898640041202	
4.25087307256699e-05	
6.77779368588918e-05	
-0.000121187962499710	
0.000109530599250036	
-5.81375253659419e-05	
6.91621493072994e-06	
1.39924525633472e-05	
-4.54434794350412e-07	
-2.58891925608005e-05	
3.33599298242898e-05	
-1.98809006306486e-06	
-6.14718422748808e-05	
0.000124288470188762	
-0.000144627607256249	
9.58799532331330e-05	
1.48264416487785e-05	
-0.000144806199322349	
0.000233246329317267	
-0.000230357304514821	
0.000124047026964966	
4.97654415157469e-05	
-0.000219666522790927	
0.000309529598421330	
-0.000273729422474221	
0.000120117003931773	
9.07360842580092e-05	
-0.000270617030617685	
0.000342190751433181	
-0.000273519757785058	
9.27137454775767e-05	
0.000124135817943924	
-0.000286319142092357	
0.000328018930140821	
-0.000236159034028942	
5.43704817923628e-05	
0.000138033379053820	
-0.000261823258634306	
0.000271795810423093	
-0.000173840087619193	
1.84566123259346e-05	
0.000124866200600973	
-0.000199529405003884	
0.000185034242313651	
-0.000101664679110925	
-3.83959159842553e-06	
8.31107034928494e-05	
-0.000108669376076713	
8.35192235925107e-05	
-3.44551719690824e-05	
-5.85309551176569e-06	
1.76188110224597e-05	
-3.46637069947206e-06	
-1.58098475346324e-05	
1.61153328384343e-05	
1.33361385185905e-05	
-6.13980577067406e-05	
9.96139683566417e-05	
-9.79958882509363e-05	
4.35250344984125e-05	
4.89917655887000e-05	
-0.000140478352991175	
0.000184944457490243	
-0.000152611872839525	
4.71967674809430e-05	
9.20300812671785e-05	
-0.000205642019049423	
0.000240533126294981	
-0.000175262691587661	
3.20067193861556e-05	
0.000131212888666166	
-0.000245167056774796	
0.000260005357705058	
-0.000167817782972269	
6.69739908385671e-06	
0.000155722813957396	
-0.000251849488558419	
0.000243428101279777	
-0.000137415934669531	
-1.84051941578872e-05	
0.000157565843868935	
-0.000224313716001679	
0.000196878726651161	
-9.45247015654996e-05	
-3.38525890767764e-05	
0.000133308162204887	
-0.000167149907188847	
0.000130913302416372	
-5.05071678760163e-05	
-3.31898120484404e-05	
8.48140746530822e-05	
-8.98994055962264e-05	
5.82967567544206e-05	
-1.52180765992037e-05	
-1.43043534960056e-05	
1.88714102431850e-05	
-5.13720084384480e-06	
-8.51867519973590e-06	
4.88847704940762e-06	
2.02321750788389e-05	
-5.41774249923151e-05	
7.39328049349064e-05	
-5.96602631466837e-05	
7.79217825389155e-06	
6.38493787008280e-05	
-0.000122484238502613	
0.000135878937084354	
-8.94223865811317e-05	
-4.07051997473711e-06	
0.000107497529644156	
-0.000174986239382271	
0.000172975231133639	
-9.69121812057268e-05	
-2.47292361689237e-05	
0.000141646534249208	
-0.000203473653409905	
0.000182320826202507	
-8.56948067546841e-05	
-4.62947620365507e-05	
0.000158329061139993	
-0.000204034478862147	
0.000165978755451842	
-6.25832960601399e-05	
-6.08865088246941e-05	
0.000152804679124352	
-0.000177620484532547	
0.000130170272767151	
-3.58795242906279e-05	
-6.24508952184758e-05	
0.000124519484365771	
-0.000129665651244323	
8.37443568326604e-05	
-1.34625962098100e-05	
-4.80961436938794e-05	
7.71943092218198e-05	
-6.88790807997889e-05	
3.62707629585744e-05	
-1.12514738643262e-06	
-1.86895334304721e-05	
1.80587498584261e-05	
-5.49043852216945e-06	
-3.84357161872120e-06	
-1.48106255471810e-06	
2.13713093692143e-05	
-4.35807126817368e-05	
5.06820568696788e-05	
-3.08464538397027e-05	
-1.36304609040822e-05	
6.51272368560899e-05	
-9.81261055754890e-05	
9.19579563962406e-05	
-4.24753923583745e-05	
-3.36010571297289e-05	
0.000104533565094402	
-0.000137459692709409	
0.000113995784469156	
-4.00197081503621e-05	
-5.54247373123387e-05	
0.000132118611178203	
-0.000156356535516991	
0.000116272910289978	
-2.76568134754508e-05	
-7.25864869689055e-05	
0.000142479385608221	
-0.000153281819145302	
0.000101802362173981	
-1.12524207268791e-05	
-7.95220112932031e-05	
0.000133319279226733	
-0.000130452230404306	
7.61978051233773e-05	
3.09042418694868e-06	
-7.28491336162018e-05	
0.000105839622459522	
-9.31921555968262e-05	
4.63188240632409e-05	
1.04172076659423e-05	
-5.20903720664980e-05	
6.44359768477160e-05	
-4.87518318928497e-05	
1.87954086810981e-05	
7.96105926358409e-06	
-1.97614922376040e-05	
1.57911178970707e-05	
-4.84952669735883e-06	
-1.26674390474337e-06	
-4.35714000214141e-06	
1.91631633003879e-05	
-3.24285796882641e-05	
3.17630395305385e-05	
-1.11561745115308e-05	
-2.40372798708425e-05	
5.82717775099127e-05	
-7.29996749348391e-05	
5.64372337587942e-05	
-1.08594709472057e-05	
-4.66578740741803e-05	
9.09946595246625e-05	
-0.000100408768518613	
6.72683979917990e-05	
-2.78143260412171e-06	
-6.69151685425029e-05	
0.000111874383711418	
-0.000111725652921945	
6.51545959729714e-05	
9.01699872721014e-06	
-7.98074986844693e-05	
0.000117574558709396	
-0.000106939225803413	
5.33074382577893e-05	
1.98712208147333e-05	
-8.17129327361252e-05	
0.000107440816916236	
-8.87266912406711e-05	
3.63548124727798e-05	
2.56183988323381e-05	
-7.11441883075566e-05	
8.35264219788156e-05	
-6.17388767603491e-05	
1.92458420127373e-05	
2.35236651760293e-05	
-4.90421558713822e-05	
5.01052200347905e-05	
-3.15731199213506e-05	
6.19213938093225e-06	
1.28466765415266e-05	
-1.85699553528183e-05	
1.27938199060099e-05	
-3.65413999123481e-06	
-1.45097583253149e-07	
-5.04716120245389e-06	
1.55283430628171e-05	
-2.25261059584263e-05	
1.77544084182977e-05	
9.22857109392968e-07	
-2.70279998403380e-05	
4.78569245327306e-05	
-5.07673817853441e-05	
3.02266596875688e-05	
8.13713254369821e-06	
-4.89009909563528e-05	
7.33890030708807e-05	
-6.84781065943305e-05	
3.34328163261942e-05	
1.87252844550417e-05	
-6.63026415644489e-05	
8.83757188897912e-05	
-7.43184983008670e-05	
2.89622687031439e-05	
2.91269107024666e-05	
-7.56025175551840e-05	
9.09731970017243e-05	
-6.91087694273682e-05	
1.97816640210932e-05	
3.58425228829921e-05	
-7.46285067213697e-05	
8.14825977784281e-05	
-5.54703246925446e-05	
9.46476914631070e-06	
3.62236331379943e-05	
-6.30791645807922e-05	
6.21792788770042e-05	
-3.71594884552521e-05	
1.36590589730932e-06	
2.90455320937606e-05	
-4.25561951482513e-05	
3.67879257602821e-05	
-1.82451675854352e-05	
-2.09272123941803e-06	
1.47577379473393e-05	
-1.62285460279528e-05	
9.72494700274488e-06	
-2.30090170146213e-06	
1.15576384036989e-07	
-4.62205563656612e-06	
1.17890810223702e-05	
-1.47338714027271e-05	
8.23367904482898e-06	
7.48409002266089e-06	
-2.59316700240660e-05	
3.72097715810467e-05	
-3.31987084021144e-05	
1.24113742313530e-05	
1.81665971814451e-05	
-4.55061834609331e-05	
5.63448235691042e-05	
-4.36899187128129e-05	
1.08079374479080e-05	
2.94428871487884e-05	
-5.99007700726843e-05	
6.67255792366372e-05	
-4.58584175048375e-05	
5.24402711171360e-06	
3.83457574778997e-05	
-6.65493686519582e-05	
6.74682063554848e-05	
-4.08832017331193e-05	
-1.72322666333461e-06	
4.23141723701603e-05	
-6.42343016119048e-05	
5.93283316004391e-05	
-3.10897692887238e-05	
-7.42142100847854e-06	
3.97401713034751e-05	
-5.32851831178350e-05	
4.44542807003261e-05	
-1.93831998299705e-05	
-9.66531550211988e-06	
3.03055393785176e-05	
-3.54816757756239e-05	
2.59038024441526e-05	
-8.61827486432173e-06	
-7.22140309939889e-06	
1.50509798023223e-05	
-1.36922806669972e-05	
7.02931973222702e-06	
-1.03236125705547e-06	
-5.00245297584008e-08	
-3.82461515343788e-06	
8.67064142044130e-06	
-9.14549133988869e-06	
2.15394440164714e-06	
1.07111067010039e-05	
-2.33851865764320e-05	
2.82694188394805e-05	
-2.04414051532140e-05	
9.02582100519448e-07	
2.30058410331913e-05	
-4.05096811621130e-05	
4.24154128883348e-05	
-2.58429422644258e-05	
-3.72666661067064e-06	
3.42989088554354e-05	
-5.24657687899880e-05	
4.94961494284203e-05	
-2.55749343331400e-05	
-9.87928725155643e-06	
4.21020721363644e-05	
-5.73966956790851e-05	
4.91851438762268e-05	
-2.09382424083479e-05	
-1.53557113882928e-05	
4.44815132302299e-05	
-5.46341226166383e-05	
4.24081610069576e-05	
-1.39513075229796e-05	
-1.81117995569101e-05	
4.04492154107902e-05	
-4.47859777667796e-05	
3.10857170045787e-05	
-6.87763311520937e-06	
-1.67096847289393e-05	
3.01670685812827e-05	
-2.95919644992398e-05	
1.77114407833254e-05	
-1.73599829848047e-06	
-1.06327625835361e-05	
1.49302665913817e-05	
-1.15820889367346e-05	
4.85267795083284e-06	
1.11806732501964e-07	
-4.08046937668501e-07	
-3.06126045457831e-06	
6.39220483503412e-06	
-5.33057899362634e-06	
-1.77981978144894e-06	
1.24824206804228e-05	
-2.10959177476735e-05	
2.16646163050338e-05	
-1.14604809292621e-05	
-6.87761923013869e-06	
2.58792824065282e-05	
-3.64320255478140e-05	
3.22054840994414e-05	
-1.31454482700028e-05	
-1.38082615873345e-05	
3.73563028028351e-05	
-4.67781294441039e-05	
3.69389523809614e-05	
-1.09833292950171e-05	
-2.06656908320342e-05	
4.46840145517631e-05	
-5.06850156713181e-05	
3.58736847652541e-05	
-6.37141048436096e-06	
-2.54236260643061e-05	
4.62589807861854e-05	
-4.77805586703972e-05	
3.00303956096136e-05	
-1.16641984643592e-06	
-2.63717453570187e-05