4.51769271536760e-05	
-4.09284729351239e-05	
2.55526608117446e-05	
-2.63304761712413e-06	
-2.19423399370577e-05	
4.15996235271587e-05	
-5.09480512839567e-05	
4.73431739591718e-05	
-3.16722482038352e-05	
8.12046099569377e-06	
1.70169886559121e-05	
-3.71242720419236e-05	
4.71233639351216e-05	
-4.48527523939464e-05	
3.15690171114064e-05	
-1.14449107621727e-05	
-9.75685946767478e-06	
2.64101176375279e-05	
-3.46190574371126e-05	
3.32051798624601e-05	
-2.38176299008697e-05	
1.01801972650369e-05	
3.24169386279197e-06	
-1.26992311603585e-05	
1.62687512277460e-05	
-1.42697858136900e-05	
8.89333110669733e-06	
-3.20859014826337e-06	
-7.87546481664301e-08	
-3.31257494367067e-07	
3.85968383931350e-06	
-8.30965402926682e-06	
1.07659912703072e-05	
-8.80950058461933e-06	
1.60373483011986e-06	
9.55429970661777e-06	
-2.14515546505024e-05	
2.99144419601607e-05	
-3.12117450570506e-05	
2.34433732186175e-05	
-7.43264328704549e-06	
-1.32190094600795e-05	
3.29944014260405e-05	
-4.60200912909900e-05	
4.78628939352696e-05	
-3.70030105208372e-05	
1.55000620318525e-05	
1.13971396412368e-05	
-3.66243425910875e-05	
5.32772992802762e-05	
-5.66090909422993e-05	
4.54475550265069e-05	
-2.25954011873333e-05	
-5.92209629158934e-06	
3.25491744438122e-05	
-5.03332961324232e-05	
5.48682907661796e-05	
-4.54741784636561e-05	
2.52756229934070e-05	
-1.77625529435490e-07	
-2.29293839174606e-05	
3.81762176969145e-05	
-4.23242614696402e-05	
3.55079592922156e-05	
-2.09237138329520e-05	
3.61277991243483e-06	
1.12353995648147e-05	
-1.98975217450546e-05	
2.11353066423239e-05	
-1.63196223461234e-05	
8.66674735666699e-06	
-1.89024403914414e-06	
-1.23910474576902e-06	
-8.67672775509379e-08	
4.47043601061748e-06	
-8.92373137724417e-06	
1.01158161936407e-05	
-5.80163542217455e-06	
-4.09628935287485e-06	
1.71713905230224e-05	
-2.91432800607887e-05	
3.52341705577662e-05	
-3.18725385297937e-05	
1.81460624807214e-05	
3.52189097658368e-06	
-2.77651021266026e-05	
4.76871448419700e-05	
-5.69020355841772e-05	
5.15818732780921e-05	
-3.18538069709122e-05	
2.06360901995383e-06	
3.02394591013640e-05	
-5.63449907087262e-05	
6.88682865289963e-05	
-6.39406219464655e-05	
4.24308640669874e-05	
-9.80632648983441e-06	
-2.53520145733105e-05	
5.37555573096177e-05	
-6.80273735198933e-05	
6.47584689522249e-05	
-4.53944832535228e-05	
1.57023398146161e-05	
1.60019135034078e-05	
-4.13099453058429e-05	
5.41104682211351e-05	
-5.21962022859347e-05	
3.76323496953214e-05	
-1.58264936043493e-05	
-6.35391061773492e-06	
2.27830849553017e-05	
-2.98859409828789e-05	
2.74955214381053e-05	
-1.85300049512100e-05	
7.65772802514502e-06	
5.48419478331955e-07	
-3.30690809943291e-06	
5.79930446256392e-07	
5.04337915184118e-06	
-9.47941550697683e-06	
8.88353850283929e-06	
-1.34968597820526e-06	
-1.20604170906582e-05	
2.73742312890755e-05	
-3.88948647728498e-05	
4.11599029527411e-05	
-3.10231937601513e-05	
9.12925045918837e-06	
1.97845206592931e-05	
-4.79569711435045e-05	
6.67920056335711e-05	
-6.95258467331714e-05	
5.35350750270925e-05	
-2.15164945741070e-05	
-1.89082197674974e-05	
5.71300148265438e-05	
-8.25098369167891e-05	
8.74918907798040e-05	
-6.99279325570243e-05	
3.38807842950128e-05	
1.13777002553140e-05	
-5.39133721214660e-05	
8.24853624892267e-05	
-8.97198279792058e-05	
7.41588240233704e-05	
-4.05792290524652e-05	
-1.49860053485946e-06	
4.06441340754291e-05	
-6.68221203511270e-05	
7.41708807449968e-05	
-6.24355502713910e-05	
3.66712055865010e-05	
-5.37610007560645e-06	
-2.23009452180395e-05	
3.93656014673434e-05	
-4.29103055357936e-05	
3.46006084841315e-05	
-1.96330786270311e-05	
4.58864888110585e-06	
5.03925883104173e-06	
-6.77413517477451e-06	
1.88158164229487e-06	
5.34185657530056e-06	
-9.44079074415576e-06	
6.14534133685286e-06	
5.67797875592370e-06	
-2.32118148274037e-05	
4.03673320703730e-05	
-4.97930188209522e-05	
4.55661234754569e-05	
-2.56431983022156e-05	
-6.82336727181291e-06	
4.38574796669796e-05	
-7.47307420506500e-05	
8.91686254897065e-05	
-8.07115209756504e-05	
4.91394583263043e-05	
-1.11109567963580e-06	
-5.13025173399218e-05	
9.38520974535737e-05	
-0.000114198683376521	
0.000105635169410348	
-6.92866297608903e-05	
1.40671319587041e-05	
4.56597673718776e-05	
-9.40679110765550e-05	
0.000118339481130436	
-0.000112293669106787	
7.80907164034613e-05	
-2.55078153445316e-05	
-3.09810499435307e-05	
7.64255922633790e-05	
-9.96395630225342e-05	
9.61940716793473e-05	
-6.93026165153070e-05	
2.84038536993326e-05	
1.40356717677002e-05	
-4.64386553359766e-05	
6.15028014479008e-05	
-5.80159847032935e-05	
4.06023298983612e-05	
-1.75902164375275e-05	
-2.19569214913289e-06	
1.25834116912228e-05	
-1.20610450182854e-05	
3.97698093594556e-06	
5.09347121318408e-06	
-8.19618666889069e-06	
1.01048208783019e-06	
1.60944907174545e-05	
-3.77582844520856e-05	
5.52741165675449e-05	
-5.96801784812398e-05	
4.52569903369622e-05	
-1.21912395014588e-05	
-3.26123141296089e-05	
7.70077288125580e-05	
-0.000107051406047050	
0.000111401852862876	
-8.52808111122247e-05	
3.26603425029418e-05	
3.41576658701003e-05	
-9.76055914861341e-05	
0.000139748757745589	
-0.000147588644534387	
0.000117150757694045	
-5.50531576879138e-05	
-2.30124359574853e-05	
9.65208875608623e-05	
-0.000145866513985153	
0.000157935153881482	
-0.000129833001611857	
6.96536935656065e-05	
5.94248441220390e-06	
-7.65982994838893e-05	
0.000124101875513227	
-0.000137445741219663	
0.000115611197296379	
-6.73094686794754e-05	
7.86216728726791e-06	
4.57188503685200e-05	
-7.98646476863114e-05	
8.81932577108521e-05	
-7.27580490162604e-05	
4.25324621435877e-05	
-9.76820301940280e-06	
-1.44605303558916e-05	
2.39868920811308e-05	
-1.93060936076421e-05	
6.81266115548489e-06	
4.13883677089089e-06	
-5.24790325214438e-06	
-7.12438118297755e-06	
3.01028503734811e-05	
-5.49433991533001e-05	
7.00406729547669e-05	
-6.53094723006892e-05	
3.64151485965325e-05	
1.26969593706546e-05	
-7.00124042734651e-05	
0.000118546598137222	
-0.000141494640416919	
0.000127844329235259	
-7.66093344785619e-05	
-1.81573358099666e-06	
8.78213576622659e-05	
-0.000157807698477231	
0.000190999839849252	
-0.000175809612197512	
0.000113752879411169	
-1.96163927714413e-05	
-8.23137360132296e-05	
0.000164941756862368	
-0.000206030449098732	
0.000194571592794263	
-0.000133944470583530	
4.09045489090506e-05	
5.92968789443272e-05	
-0.000140190637564467	
0.000181576095349234	
-0.000174986239382232	
0.000125548806749956	
-4.97900917102985e-05	
-2.98185524770382e-05	
9.17894451680008e-05	
-0.000121836662275081	
0.000116492228114839	
-8.31177680929591e-05	
3.64968983707051e-05	
6.70782721596075e-06	
-3.36966071730122e-05	
3.95361319268926e-05	
-2.81337610998871e-05	
9.95886769063499e-06	
2.58142811811980e-06	
-3.93854293920185e-07	
-1.83567891186982e-05	
4.70907802833979e-05	
-7.29475907023613e-05	
8.15440658914533e-05	
-6.27235619761235e-05	
1.52375463494640e-05	
5.14226406269529e-05	
-0.000118920894941055	
0.000165327645698916	
-0.000172176661715091	
0.000131064581728459	
-4.75431179715109e-05	
-5.91837613854107e-05	
0.000160955386091765	
-0.000228525424670351	
0.000240307628247724	
-0.000189306182924591	
8.59943771609532e-05	
4.39163221396731e-05	
-0.000166325719724432	
0.000248283112919046	
-0.000267412316404368	
0.000218401056769148	
-0.000114584126041763	
-1.58807596663656e-05	
0.000138110356243441	
-0.000220440218522461	
0.000243243855878146	
-0.000204025661614912	
0.000117356291755904	
-9.81772386196747e-06	
-8.83516211852640e-05	
0.000152251493818393	
-0.000169176621630327	
0.000141318437159340	
-8.36764826889736e-05	
1.80947553372498e-05	
3.44460026976633e-05	
-6.06578283190827e-05	
5.86576717075066e-05	
-3.74419078531844e-05	
1.24776175735800e-05	
9.01264643885852e-07	
6.13936219672564e-06	
-3.21397329818857e-05	
6.55527847491136e-05	
-8.89649213360087e-05	
8.59018912770927e-05	
-4.78144908848752e-05	
-2.13254855934994e-05	
0.000104663294632774	
-0.000176783800664370	
0.000211559382998718	
-0.000191076349369943	
0.000112673527325969	
8.42068658086877e-06	
-0.000142054206597394	
0.000251149479509751	
-0.000302495909805313	
0.000277082952373431	
-0.000176709397341798	
2.46353037055771e-05	
0.000140181441060044	
-0.000273745678196566	
0.000339508226150724	
-0.000318961794200413	
0.000217142395623528	
-6.13316821067521e-05	
-0.000106698351728358	
0.000242600106727473	
-0.000311969066727254	
0.000299746920579106	
-0.000213770225795261	
8.15421224816722e-05	
5.86151096168245e-05	
-0.000169178060879475	
0.000224187672148828	
-0.000215913365771159	
0.000155554895564211	
-6.80645679796205e-05	
-1.69599863536262e-05	
7.51715394838977e-05	
-9.48776299881452e-05	
7.96152148387699e-05	
-4.52533557887156e-05	
1.28601873957904e-05	
-1.75657952896391e-09	
1.36457447386482e-05	
-4.72537204552995e-05	
8.31598310741957e-05	
-9.94534235332540e-05	
7.89477900050259e-05	
-1.69922134208238e-05	
-7.48302063130130e-05	
0.000170750719396977	
-0.000238297867077953	
0.000248985826083203	
-0.000188736856097723	
6.44446577969009e-05	
9.58328148176759e-05	
-0.000249590812210466	
0.000351801319042984	
-0.000368549235136829	
0.000288154016492835	
-0.000126146602753315	
-7.77484738825127e-05	
0.000270045938094486	
-0.000398443202690865	
0.000426890335098411	
-0.000346253812841654	
0.000177296521283949	
3.50145805887931e-05	
-0.000234240555701750	
0.000368470596198397	
-0.000404830622780884	
0.000338215826848691	
-0.000191752740037016	
9.04020430908625e-06	
0.000159282110823002	
-0.000270415656532222	
0.000301182131720801	
-0.000253244212440267	
0.000150470663243869	
-2.96640766019126e-05	
-7.20686922262422e-05	
0.000129070962333853	
-0.000134229583278581	
9.92974756523441e-05	
-4.86714236152669e-05	
9.06383365188844e-06	
1.14049215976039e-06	
2.09924046885383e-05	
-6.19026311520459e-05	
9.69728132229402e-05	
-0.000100528489784144	
5.68102263468448e-05	
3.21294741176904e-05	
-0.000144703647774945	
0.000245283016051573	
-0.000295446132023302	
0.000267433153388256	
-0.000155275728494117	
-2.04040663777215e-05	
0.000216037334213320	
-0.000376614829573481	
0.000451850033276846	
-0.000412096758768405	
0.000258942222618362	
-2.68493071500960e-05	
-0.000225109634461547	
0.000429317944171357	
-0.000528869656504984	
0.000494280163012453	
-0.000332554416245942	
8.57463799673024e-05	
0.000180701924382284	
-0.000396449554641703	
0.000506097087884881	
-0.000484492001736007	
0.000343011452183435	
-0.000125107097419880	
-0.000107325081937102	
0.000292428036214944	
-0.000386016472836007	
0.000373069755115921	
-0.000269851200423856	
0.000116443478989374	
3.74955851189665e-05	
-0.000148909723835296	
0.000194174800533982	
-0.000174595179781923	
0.000113140053029517	
-4.39658833166481e-05	
-1.33628781280945e-06	
5.80758413432584e-06	
2.67793535454396e-05	
-7.39254682675537e-05	
0.000103771411477394	
-8.84440217827402e-05	
1.65131562099279e-05	
0.000100125990227322	
-0.000227802749489314	
0.000321030044865522	
-0.000337872485661834	
0.000255661688479844	
-8.15812153680609e-05	
-0.000145927710066673	
0.000366126678742609	
-0.000513099211853284	
0.000535998235865496	
-0.000416091000225582	
0.000174972712137334	
0.000129132423650930	
-0.000416431768228317	
0.000607849155531148	
-0.000648001401176023	
0.000521919589308205	
-0.000260311739850195	
-6.84411359872372e-05	
0.000377352871334144	
-0.000585380360911915	
0.000640178444655230	
-0.000532325903235615	
0.000296893949763663	
-2.09395096628715e-06	
-0.000271341943639210	
0.000453646471962617	
-0.000505239609783074	
0.000426053861158129	
-0.000252549867372287	
4.39130425864559e-05	
0.000137742545206276	
-0.000246623703224842	
0.000265851641548931	
-0.000209685011673627	
0.000115203291883157	
-2.67951339861557e-05	
-2.08822015482283e-05	
1.54351862329442e-05	
2.95928990878888e-05	
-8.10959693985958e-05	
0.000100448687433704	
-6.00883461590495e-05	
-4.34898987108232e-05	
0.000185320062317491	
-0.000318227770910912	
0.000388141469198803	
-0.000353539942849126	
0.000202405354323739	
3.94652251561647e-05	
-0.000312337549440605	
0.000538236223163349	
-0.000644108555200389	
0.000585382756651528	
-0.000362324117570805	
2.35212914830040e-05	
0.000345325851342499	
-0.000644570920145750	
0.000789127657317780	
-0.000733806279909650	
0.000487683150296540	
-0.000112875183068771	
-0.000292237456405884	
0.000620559597819110	
-0.000786497108585607	
0.000749880804796003	
-0.000526531226710050	
0.000182461333527006	
0.000186313558136499	
-0.000482058584541851	
0.000633051851155424	
-0.000612483541336560	
0.000443159690271803	
-0.000187180027066563	
-7.55530072769296e-05	
0.000272781759146347	
-0.000361108564780780	
0.000336461674190782	
-0.000231026301372537	
9.83955329196464e-05	
7.45606477771587e-06	
-5.18769706316378e-05	
3.10831312515747e-05	
2.83241012852486e-05	
-8.14659552277215e-05	
8.44064820250604e-05	
-1.34132182507454e-05	
-0.000122931367304767	
0.000283565140578534	
-0.000407402063273380	
0.000434603694485933	
-0.000329551840634628	
9.74297439896827e-05	
0.000211919984939417	
-0.000515193926701973	
0.000719243216621848	
-0.000750143832991280	
0.000578547211537893	
-0.000232841254716821	
-0.000204850456412698	
0.000619551756145695	
-0.000895552157568602	
0.000950349360000783	
-0.000760093088840511	
0.000368511661157087	
0.000123829816610216	
-0.000587139788051157	
0.000898892510482241	
-0.000978425339792743	
0.000809366263002348	
-0.000443279371973656	
-1.63876210009828e-05	
0.000445009184236258	
-0.000732726986846639	
0.000814794661436047	
-0.000687423104753761	
0.000404890599377015	
-5.95696688775642e-05	
-0.000248239941378227	
0.000440843933933344	
-0.000484478956956917	
0.000395167276587778	
-0.000228075772638970	
5.47859446994644e-05	
6.32747546855158e-05	
-9.59766091116446e-05	
5.30586316346805e-05	
2.25156843990573e-05	
-7.36989847319610e-05	
5.38784483229127e-05	
5.22858221324277e-05	
-0.000219560711212644	
0.000388274039871426	
-0.000484367084297656	
0.000446815512169216	
-0.000252942952780992	
-6.76065707284326e-05	
0.000436043668686852	
-0.000745000568169143	
0.000890832919085624	
-0.000807718452549963	
0.000492437053521158	
-1.11469270867457e-05	
-0.000515154995388241	
0.000943128145382899	
-0.00114832141692116	
0.00106279237870753	
-0.000697430192007116	
0.000141661883880751	
0.000460015250411327	
-0.000948147788158397	
0.00119337043378275	
-0.00113302057847401	
0.000788417978710497	
-0.000257724752921083	
-0.000313308240259083	
0.000773737547851639	
-0.00101012775158238	
0.000976840868914565	
-0.000705242401842038	
0.000289812490075503	
0.000143694385206868	
-0.000477509651056670	
0.000636055233698273	
-0.000604675431394490	
0.000427808284600720	
-0.000188330832961093	
-2.41132151937551e-05	
0.000144641231591269	
-0.000153780988408874	
8.05246556942978e-05	
1.27043426707759e-05	
-5.73400024356575e-05	
8.10442493436138e-06	
0.000136314955638590	
-0.000329231787543379	
0.000490657108572084	
-0.000536155734786769	
0.000410049495546876	
-0.000111152748052882	
-0.000298759162171249	
0.000708075781273915	
-0.000987205679536116	
0.00102973841831169	
-0.000789795628035589	
0.000302947032854824	
0.000317251338857464	
-0.000907552184860611	
0.00130064611808597	
-0.00137476255140077	
0.00109206044029633	
-0.000513553943421482	
-0.000214810289782829	
0.000901569226339909	
-0.00136340613927384	
0.00147726013241752	
-0.00121534357625852	
0.000652578588191713	
5.57292882469138e-05	
-0.000719165579419276	
0.00116672545397901	
-0.00129423068371979	
0.00109071091927985	
-0.000636493121061671	
7.45588247541907e-05	
0.000435107698995853	
-0.000763507644516410	
0.000848058743559324	
-0.000705073679666118	
0.000416583843518734	
-9.71604033870595e-05	
-0.000147320950848172	
0.000254810304978129	
-0.000224476526639549	
0.000111100796646698	
7.48126206865035e-07	
-3.29745207024176e-05	
-5.27258029541564e-05	
0.000236832507449480	
-0.000446259583386085	
0.000580055408538980	
-0.000547971684970191	
0.000308392703134290	
0.000108276854560136	
-0.000600256301515091	
0.00102069222151825	
-0.00122247766058590	
0.00110769168733519	
-0.000665365207928414	
-1.58023587624754e-05	
0.000765677965187418	
-0.00137803961685756	
0.00167026855898709	
-0.00153944806908872	
0.000997281119499478	
-0.000172180175315595	
-0.000723322916220265	
0.00145105495519401	
-0.00181461863838977	
0.00171574013294280	
-0.00118261365573684	
0.000361638844129577	
0.000525016460400994	
-0.00124326883269704	
0.00161322575460607	
-0.00155789721593984	
0.00112042448037473	
-0.000445576475645380	
-0.000267731876136355	
0.000827438530486634	
-0.00110368998370284	
0.00106179531975833	
-0.000763660754302830	
0.000338933211034926	
6.32422816831074e-05	
-0.000325062767653192	
0.000396480854553667	
-0.000305570100121238	
0.000140397851862530	
-9.81131971864134e-06	
-2.24639020304592e-06	
-0.000127871123759210	
0.000351519736891261	
-0.000564039640297017	
0.000644119549595640	
-0.000502627604652266	
0.000123375894391620	
0.000419642684573665	
-0.000976492563534548	
0.00136438776607178	
-0.00142687398132143	
0.00109005422870683	
-0.000396643789104613	
-0.000495122471143467	
0.00134988044336429	
-0.00192094150168081	
0.00202427149544575	
-0.00159785333444798	
0.000727238840532957	
0.000372086984476276	
-0.00141181339009392	
0.00211136199059425	
-0.00227825753643588	
0.00186423347008968	
-0.000979992746825533	
-0.000136101366316580	
0.00118621362580437	
-0.00189775577371701	
0.00209937116376346	
-0.00176578097842550	
0.00101882032681941	
-8.55286856263004e-05	
-0.000772759372889638	
0.00133784600705007	
-0.00149479529942651	
0.00125707737298367	
-0.000750648897723988	
0.000164125230713191	
0.000317199868372812	
-0.000571154331652047	
0.000572817952323813	
-0.000392712768824448	
0.000161249215858193	
-1.31475482145637e-05	
3.22759533096076e-05	
-0.000217011406015946	
0.000478941905445405	
-0.000675933950755505	
0.000668274512167139	
-0.000377975971881524	
-0.000170562451830606	
0.000844696556619274	
-0.00143716796040525	
0.00173033149509665	
-0.00157093937830284	
0.000930580016973046	
6.98316558420370e-05	
-0.00118243113735810	
0.00209774261786352	
-0.00253482130480940	
0.00232904428484668	
-0.00148976567968748	
0.000208291697126990	
0.00118860767996203	
-0.00232765692408605	
0.00289498245550660	
-0.00272752387055030	
0.00186221201653080	
-0.000527539163061784	
-0.000920565663550083	
0.00209976004985278	
-0.00270919744651979	
0.00261228371455160	
-0.00187006423245427	
0.000716257125622538	
0.000517181314344753	
-0.00150016366501637	
0.00199915570989111	
-0.00193786998232858	
0.00140683648239612	
-0.000621311456742738	
-0.000156638552733951	
0.000705138871604350	
-0.000909873738191934	
0.000790549264236192	
-0.000479500029150620	
0.000161856349597514	
3.59124120772104e-07	
6.73719242288528e-05	
-0.000322472397674087	
0.000621446187524839	
-0.000776538474487687	
0.000632954542481904	
-0.000138721260240953	
-0.000619177872383305	
0.00142796022361173	
-0.00201041823056956	
0.00211643380317286	
-0.00161495969742636	
0.000554733111374484	
0.000829457937000770	
-0.00217137640363370	
0.00307547928902529	
-0.00323691882827705	
0.00254224452058390	
-0.00111783754186333	
-0.000691950741217122	
0.00241370451350871	
-0.00357660304250935	
0.00384843347096224	
-0.00313502692659134	
0.00161232211344113	
0.000319846550713109	
-0.00214952945831504	
0.00339728930938784	
-0.00375081370120630	
0.00314962943028139	
-0.00179527965303943	
8.51199428915892e-05	
0.00150887654767037	
-0.00257850402287006	
0.00289261839747360	
-0.00245183105916078	
0.00147021940133260	
-0.000292972121724817	
-0.000721126330087138	
0.00131317477017075	
-0.00139700996725429	
0.00106936040402772	
-0.000556749598798712	
0.000119966349834625	
4.89882408322421e-05	
9.95455713098333e-05	
-0.000455262495282453	
0.000792861470157533	
-0.000863978162953411	
0.000503225873906181	
0.000290658640777473	
-0.00133025620310283	
0.00228452812594189	
-0.00278254517422460	
0.00254359634235440	
-0.00149008267252264	
-0.000197430749275556	
0.00210675085036599	
-0.00370014351794839	
0.00447140168638175	
-0.00410676039879843	
0.00259836890467374	
-0.000271266028816602	
-0.00228983241844052	
0.00439676016529666	
-0.00545325282623088	
0.00513161175920214	
-0.00347654627816509	
0.000902708133717065	
0.00191598879373015	
-0.00423428967990164	
0.00544584609057129	
-0.00525348956242881	
0.00374893056149699	
-0.00137862622163557	
-0.00119284907576414	
0.00327951500405710	
-0.00437051590271310	
0.00426718877357905	
-0.00312084654905635	
0.00136317407400967	
0.000445020574048453	
-0.00179580312304122	
0.00238752069551439	
-0.00220117149803855	
0.00147784738515572	
-0.000608803923413927	
-2.10307028638871e-05	
0.000179968549441723	
0.000125455737541049	
-0.000658022454624328	
0.00104791257438350	
-0.000946938431472446	
0.000183318002028789	
0.00114100121818069	
-0.00265063241582360	
0.00380214677268806	
-0.00406514763148596	
0.00312083829564712	
-0.00100949210707266	
-0.00182937716578058	
0.00464812969975149	
-0.00659504497303344	
0.00697399625769453	
-0.00547992884402347	
0.00233248227933134	
0.00174244833436422	
-0.00568825031908625	
0.00840602509789641	
-0.00907392315803056	
0.00740158570950623	
-0.00373944904779473	
-0.000996155793309705	
0.00556635054298570	
-0.00875395722381137	
0.00970859445287992	
-0.00819001234262894	
0.00463598538362746	
-3.32006181713771e-05	
-0.00437087938163144	
0.00742865258447713	
-0.00841674433585199	
0.00722668614951910	
-0.00436622559732095	
0.000774839238120348	
0.00248483283102825	
-0.00455939611811138	
0.00505432451188576	
-0.00412221984013388	
0.00236485080610447	
-0.000586223576457158	
-0.000515904664427017	
0.000611292999006976	
0.000142339490920521	
-0.00116574864204348	
0.00169266996322893	
-0.00109277550419592	
-0.000832438250554738	
0.00369393549966233	
-0.00657074869164646	
0.00827852021175366	
-0.00777730502367214	
0.00458897369436954	
0.000921932608873699	
-0.00751856516349111	
0.0133553022916311	
-0.0164831220824923	
0.0154604236143443	
-0.00988427823358079	
0.000663437154376835	
0.0100818716482127	
-0.0195028101321498	
0.0247793461376891	
-0.0239500482435951	
0.0165722513650374	
-0.00400105670727791	
-0.0108279102298418	
0.0240892083557012	
-0.0320682958491323	
0.0322069285569715	
-0.0238973099036800	
0.00878276502501906	
0.00955039137600695	
-0.0264381732172348	
0.0373491766749248	
-0.0391197849452226	
0.0308726951411080	
-0.0143512404210757	
-0.00644567092056083	
0.0262530771759724	
-0.0399037058989065	
0.0437050031935178	
-0.0364552623814310	
0.0198148891168422	
0.00208048636121574	
-0.0236733131959509	
0.0394292111126931	
-0.0452895153767376	
0.0397415821056796	
-0.0242184455920872	
0.00271994562471474	
0.0192423429415732	
-0.0360920073726704	
0.0436382598459800	
-0.0401440879275478	
0.0267333906077584	
-0.00703989799285273	
-0.0137941901586361	
0.0304896776350050	
-0.0389990063446371	
0.0375095224552911	
-0.0268272122799630	
0.0100608667972442	
0.00828303758001997	
-0.0235305590937962	
0.0320549298417525	
-0.0321540185107874	
0.0243747436281352	
-0.0112282614010768	
-0.00359294264030443	
0.0162565477514568	
-0.0237951141288489	
0.0248070841704039	
-0.0196873859100492	
0.0103610236397132	
0.000368619845629742	
-0.00964719633508563	
0.0153306354253280	
-0.0164764295765175	
0.0134540766203819	
-0.00768108868030350	
0.00109711168978025	
0.00444632250588317	
-0.00769504296323130	
0.00826247266674618	
-0.00660720798011186	
0.00375765873983189	
-0.000896921103453243	
-0.00104632615846766	
0.00167043972200006	
-0.00116165235006797	
0.000142887826625457	
0.000619786369915388	
-0.000540617387693341	
-0.000548331294878871	
0.00232643279683908	
-0.00410089817975216	
0.00506571680493764	
-0.00461035833948810	
0.00256940618007151	
0.000675191364567779	
-0.00427794556841875	
0.00717637006775108	
-0.00842273143861374	
0.00749466347417772	
-0.00448382355709265	
9.96001696383086e-05	
0.00451725431384334	
-0.00811673036697637	
0.00970070584593162	
-0.00881422832538094	
0.00567947436841668	
-0.00113296182520460	
-0.00361393032497219	
0.00731856791808632	
-0.00905257391365741	
0.00844876155260008	
-0.00578083306324775	
0.00185865544066236	
0.00222313459088876	
-0.00540376306287304	
0.00694647545164710	
-0.00661758936361486	
0.00470910333177838	
-0.00190863517875609	
-0.000934111335233089	
0.00306714777640981	
-0.00404224219374001	
0.00380913794256231	
-0.00267854727201393	
0.00117691232618058	
0.000151490436380445	
-0.000926592919360013	
0.00104008491787169	
-0.000658222880661295	
0.000126500574168081	
0.000184319141576583	
-3.30432159392781e-05	
-0.000592116287880626	
0.00146377753252684	
-0.00219848559886983	
0.00240277270305562	
-0.00183015838454501	
0.000492805260519967	
0.00131355109794834	
-0.00308375745469816	
0.00425536473619899	
-0.00439074644918976	
0.00332989932342303	
-0.00126258339996565	
-0.00130671945027692	
0.00369379005718761	
-0.00523045176963356	
0.00546213203414518	
-0.00428671722327966	
0.00199163242365392	
0.000823066826723396	
-0.00341316800788411	
0.00510027222125061	
-0.00546103313010225	
0.00444034215000186	
-0.00235673063976695	
-0.000198972178664364	
0.00253895583354237	
-0.00407393850818649	
0.00447094786087444	
-0.00372896456783758	
0.00215449516629703	
-0.000250007025292509	
-0.00144624693570699	
0.00251786713922958	
-0.00277801041189104	
0.00229801635168151	
-0.00135423706283846	
0.000316242960457874	
0.000483256263403063	
-0.000853105298258557	
0.000790329454265935	
-0.000457166515019014	
0.000100989513546916	
5.15334390383067e-05	
0.000112928728089089	
-0.000548083048067321	
0.00106419340483122	
-0.00140059739025134	
0.00132851437885104	
-0.000747230766532471	
-0.000261454373129629	
0.00144179439681164	
-0.00243567052502885	
0.00289556083610480	
-0.00260252927071699	
0.00154992935966830	
3.64830612334208e-05	
-0.00175151581500093	
0.00312275893680117	
-0.00374890986802101	
0.00342197663202323	
-0.00219527699076087	
0.000375313198403945	
0.00156124968162168	
-0.00310137434066736	
0.00384057599722511	
-0.00359602971649329	
0.00245473963137535	
-0.000743479612086481	
-0.00106918016913014	
0.00250837959779660	
-0.00322519673649854	
0.00308699146274743	
-0.00220111569511437	
0.000868174880074491	
0.000517624327432695	
-0.00158834657028303	
0.00210524418208565	
-0.00201474027338921	
0.00144368667331388	
-0.000639835572039161	
-0.000119641959496201	
0.000619962650680249	
-0.000771034367929513	
0.000621824988962570	
-0.000325292333151164	
6.90836939959973e-05	
1.79552948019595e-06	
0.000157641102107726	
-0.000475141865616157	
0.000789826447143414	
-0.000916024073766909	
0.000719252827262049	
-0.000176751191669943	
-0.000600038485139508	
0.00139082612579233	
-0.00193310871384416	
0.00200909028062333	
-0.00152422994451716	
0.000550505863882747	
0.000681801780668846	
-0.00184370175332757	
0.00260169012226803	
-0.00271816727993761	
0.00212691047212814	
-0.000959508218690622	
-0.000486567508840954	
0.00182970941016112	
-0.00271183592532997	
0.00290000659760250	
-0.00235180451016602	
0.00122531503571605	
0.000168671308265030	
-0.00145726005848196	
0.00231134615931774	
-0.00253533595332719	
0.00211492706531904	
-0.00121055262159731	
0.000100849177827600	
0.000904624745331901	
-0.00155575302735137	
0.00172804331929197	
-0.00144617334400369	
0.000860616674258101	
-0.000187925467232991	
-0.000363923962212178	
0.000660217637872240	
-0.000673989884729154	
0.000481105023205598	
-0.000220297817916701	
3.41058596724595e-05	
-1.24421332986289e-05	
0.000158843693429532	
-0.000390947075422955	
0.000574470196586888	
-0.000578124334252917	
0.000329447744523636	
0.000148961192806522	
-0.000736763019010889	
0.00124924949812790	
-0.00149677462158750	
0.00135090527714364	
-0.000794931195559865	
-5.92231872184822e-05	
0.000995152838721367	
-0.00175143345271680	
0.00209894501185396	
-0.00191228701118249	
0.00121267328931194	
-0.000168071172643363	
-0.000950634629651619	
0.00184509210948836	
-0.00227431054900366	
0.00212357619977238	
-0.00143689257186458	
0.000403418750348518	
0.000697723159378675	
-0.00157745642854518	
0.00201759148783882	
-0.00192876321376528	
0.00136918193556438	
-0.000520143842488525	
-0.000372633190006321	
0.00107284321022932	
-0.00141981835986435	
0.00136774826847131	
-0.000987733360549513	
0.000434520141825792	
0.000109336867022689	
-0.000492764503034159	
0.000639794825503923	
-0.000564555826472447	
0.000354743996022747	
-0.000131290336301090	
-4.49300841623927e-07	
-9.56821285073972e-06	
0.000139180753139245	
-0.000305383953865770	
0.000399311173100382	
-0.000331874759152139	
7.33275270025499e-05	
0.000327990430134937	
-0.000755342001581331	
0.00105951754485190	
-0.00110955622611799	
0.000841302461210234	
-0.000286925727389747	
-0.000425705641509908	
0.00110528641640227	
-0.00155208742229203	
0.00161908908075326	
-0.00126005385321764	
0.000548909460236534	
0.000336574483254651	
-0.00116284427158971	
0.00170647126509934	
-0.00181833118523284	
0.00146680015270847	
-0.000746984641027236	
-0.000146734075459921	
0.000976498707729154	
-0.00152834195842573	
0.00167111678229012	
-0.00138989727391328	
0.000784809397613624	
-3.68690518262314e-05	
-0.000647741751335680	
0.00109746603199842	
-0.00122123539157557	
0.00102746445582284	
-0.000612090366151517	
0.000121329390801386	
0.000297619033098720	
-0.000541644563977652	
0.000578569682429079	
-0.000448426316329815	
0.000240577416086817	
-5.60116298973992e-05	
-3.13459336625746e-05	
7.37429541532818e-07	
0.000110638080978306	
-0.000225195692716018	
0.000258057873566077	
-0.000153408698137393	
-8.93000455883268e-05	
0.000409206967642619	
-0.000700935243946289	
0.000849443095767107	
-0.000771309661933075	
0.000448295811003856	
5.88791639719292e-05	
-0.000622388225801159	
0.00108228084888179	
-0.00129436205516828	
0.00117612523631438	
-0.000735994480166899	
7.59777714297533e-05	
0.000634054474281927	
-0.00120341497180356	
0.00147515548803005	
-0.00137178383297206	
0.000918310241716828	
-0.000235595688584301	
-0.000494048795794176	
0.00107870428846198	
-0.00137066354661662	
0.00130637488055003	
-0.000921100027154601	
0.000334709194468037	
0.000286214826011911	
-0.000777845322247815	
0.00102499385581610	
-0.000989948748010916	
0.000716591979402266	
-0.000310045604530201	
-0.000100374861448049	
0.000402352152099583	
-0.000532752395261573	
0.000491256546440006	
-0.000332396368655242	
0.000140156725142369	
5.15814662201015e-06	
-5.59865729357394e-05	
1.25994106368158e-05	
8.05001362828732e-05	
-0.000154938340789077	
0.000147817167720030	
-2.91793101758540e-05	
-0.000182584297104747	
0.000423349820542074	
-0.000603565629459422	
0.000639659452065254	
-0.000485868472663913	
0.000155290212446266	
0.000277777732278461	
-0.000696110898948591	
0.000973513028386194	
-0.00101412971345895	
0.000784643341472097	
-0.000328718702577814	
-0.000241611251137650	
0.000775791096179879	
-0.00112728940919804	
0.00119618483300899	
-0.000958903052876141	
0.000475992461236770	
0.000124556099931711	
-0.000683538770693834	
0.00105552507576963	
-0.00114925523106337	
0.000951643186620105	
-0.000528695278812309	
3.71570521735111e-06	
0.000480032930952931	
-0.000800604295408249	
0.000890199691222552	
-0.000750224032002715	
0.000445041900912585	
-7.75842620395904e-05	
-0.000244617203119652	
0.000441876479372064	
-0.000483277790919920	
0.000390292779876739	
-0.000223186470550781	
5.58990193240985e-05	
5.14155545762908e-05	
-7.26890354279980e-05	
2.24292798818319e-05	
5.32457303367895e-05	
-9.72538675153946e-05	
6.60836980847362e-05	
5.08471879913156e-05	
-0.000224208011289950	
0.000392986700802581	
-0.000485419921990074	
0.000445556673096992	
-0.000256204213565084	
-5.00580029816199e-05	
0.000396323552845873	
-0.000682376325427639	
0.000815125620161938	
-0.000738930207132444	
0.000455945379436093	
-2.94942249388604e-05	
-0.000431336312698964	
0.000801778185627110	
-0.000977331313832349	
0.000904745355507881	
-0.000598542095330397	
0.000137895359851158	
0.000355372131368103	
-0.000751189061355960	
0.000947815727179257	
-0.000899798704918233	
0.000629208182388084	
-0.000217209375975645	
-0.000221027189390414	
0.000570157317628238	
-0.000746937116658664	
0.000721470688481532	
-0.000521665897161190	
0.000220477941721741	
8.92058476228775e-05	
-0.000323630849247899	
0.000432001295898024	
-0.000408025171930604	
0.000286419136937381	
-0.000126589127920751	
-1.02597704076288e-05	
8.25065785972559e-05	
-8.08256283967113e-05	
2.83241012852489e-05	
3.13293818941825e-05	
-5.30715570028249e-05	
9.74776434386242e-06	
9.55524190519074e-05	
-0.000228724261676531	
0.000335947852504185	
-0.000363283901817905	
0.000277772440504880	
-8.25182468726783e-05	
-0.000179914544770851	
0.000437661695406283	
-0.000610592556886841	
0.000635769640464928	
-0.000489152101116022	
0.000196272154421082	
0.000172079530557806	
-0.000518450578528171	
0.000746341786205858	
-0.000788599516080201	
0.000627915242355387	
-0.000303042644615376	
-0.000101361737148459	
0.000478392720804515	
-0.000729059248704752	
0.000790011007857090	
-0.000650671178426024	
0.000354887409204225	
1.30689316664958e-05	
-0.000353633499233445	
0.000580468546681456	
-0.000643847033121475	
0.000542216958341949	
-0.000319089129810509	
4.69641267072057e-05	
0.000196113454157639	
-0.000349800482450135	
0.000387389074140640	
-0.000319993529828447	
0.000188516976513898	
-4.68587404708865e-05	
-5.75342402569105e-05	
9.91294706925503e-05	
-8.08110085101912e-05	
2.97069000800064e-05	
1.56496443764656e-05	
-2.18824950203785e-05	
-2.50631518504885e-05	
0.000113331765305887	
-0.000208600442490152	
0.000266450863027831	
-0.000249380316476883	
0.000142430727126679	
3.82656242578311e-05	
-0.000247443601309318	
0.000423087444674594	
-0.000505599003076063	
0.000457677567357543	
-0.000278353459953564	
6.28174663446405e-06	
0.000289290272583758	
-0.000527562797607913	
0.000639658275010584	
-0.000589410711790707	
0.000385021738038288	
-7.78404290451284e-05	
-0.000251574089810141	
0.000516065625940938	
-0.000646476775054895	
0.000610939476770863	
-0.000423209668935517	
0.000137744504127466	
0.000166769922439000	
-0.000410307732419665	
0.000533883077935101	
-0.000514853181551193	
0.000370929486501119	
-0.000152250047829657	
-7.54893846950276e-05	
0.000251263316150686	
-0.000335968712936193	
0.000321620336538246	
-0.000230201830159155	
0.000103277288570652	
1.36461515649094e-05	
-8.65437515469505e-05	
0.000102996263831842	
-7.39479851110634e-05	
2.70023808057380e-05	
5.94797771940104e-06	
-2.09956115312240e-06	
-4.27607553460966e-05	
0.000112062902649485	
-0.000174382136387235	
0.000195415231885059	
-0.000151758495194016	
4.15217243211301e-05	
0.000112204642526261	
-0.000266644206270872	
0.000372036008786916	
-0.000387803292600121	
0.000296920708927214	
-0.000113599339268411	
-0.000118581726504837	
0.000337966326874251	
-0.000482367389853884	
0.000507610584314819	
-0.000401358259004127	
0.000187836073360201	
7.81814168131022e-05	
-0.000326491869687017	
0.000491261518451096	
-0.000529624209203543	
0.000433573470370970	
-0.000231686287856738	
-1.96938229331310e-05	
0.000253021372555978	
-0.000408803215093062	
0.000451804172697783	
-0.000379548346811351	
0.000220933287968816	
-2.58377175677956e-05	
-0.000150707776598803	
0.000264727990697481	
-0.000294964638316215	
0.000246731206884912	
-0.000147312256456898	
3.49575707977131e-05	
5.45558150543817e-05	
-9.92633737033577e-05	
9.66631289800159e-05	
-6.21615231817611e-05	
2.12969066305934e-05	
1.19974675943233e-06	
8.53211927618693e-06	
-4.79137879333719e-05	
9.88176842041315e-05	
-0.000134574275374714	
0.000130578680955267	
-7.46775452348844e-05	
-2.64728347077278e-05	
0.000147561485689028	
-0.000251575026578720	
0.000301488501181833	
-0.000272935258251727	
0.000163615784482691	
3.87470099465763e-06	
-0.000187078350816179	
0.000335330399730498	
-0.000404625139375023	
0.000371148187554796	
-0.000239225799044413	
4.10866842309049e-05	
0.000171680419873865	
-0.000342536991116930	
0.000426018739000404	
-0.000400607386445058	
0.000274636958593101	
-8.35383239863923e-05	
-0.000120655677606210	
0.000284315552709875	
-0.000367214580736012	
0.000353118186275682	
-0.000253009221797494	
0.000100306041813666	
6.01336425837918e-05	
-0.000185626637337588	
0.000247669433836079	
-0.000238810165250390	
0.000172631235783869	
-7.73267747405156e-05	
-1.46551560036034e-05	
7.73273242734948e-05	
-9.87484974302097e-05	
8.32105210039200e-05	
-4.76669416912841e-05	
1.39924525633298e-05	
-8.78245193296637e-09	
1.25252677415893e-05	
-4.48420491922275e-05	
7.95424208451102e-05	
-9.55189599205362e-05	
7.66761619316709e-05	
-1.91376755363950e-05	
-6.57341174365130e-05	
0.000153784619216837	
-0.000215382875328977	
0.000225301746592937	
-0.000171892089084243	
6.23919709804370e-05	
7.76195619124926e-05	
-0.000210756685929844	
0.000298531357105992	
-0.000313001959536003	
0.000245736986744963	
-0.000111211996555889	
-5.65683192172587e-05	
0.000213352443808983	
-0.000317127216249041	
0.000340097430954931	
-0.000276585571507181	
0.000144510615533686	
1.99492776852056e-05	
-0.000172853724726974	
0.000274977432566471	
-0.000302557325997186	
0.000253206864909321	
-0.000145432648694869	
1.21609506203294e-05	
0.000109530893747750	
-0.000189229204572217	
0.000211279618651366	
-0.000177891538926578	
0.000106635898818174	
-2.34963897452499e-05	
-4.60368919414274e-05	
8.48662379233825e-05	
-8.87090476949313e-05	
6.58488507047315e-05	
-3.26264557901299e-05	
6.48743736710386e-06	
8.52908439930124e-07	
1.22914759618489e-05	
-3.72735636207454e-05	
5.88268647315210e-05	
-6.13980577066825e-05	
3.57760485677618e-05	
1.64229249023349e-05	
-8.21285932652454e-05	
0.000140438441174447	
-0.000169400635604986	
0.000153737683835341	
-9.08865842620702e-05	
-6.79815075000469e-06	
0.000114630071474333	
-0.000202367888957309	
0.000243194479743307	
-0.000222128143389681	
0.000141191043797199	
-1.96111028994451e-05	
-0.000111151473902754	
0.000216158583682900	
-0.000266949035570126	
0.000249719428382782	
-0.000169280297848901	
4.76143174489903e-05	
8.25042134405126e-05	
-0.000186889652998668	
0.000239514623560245	
-0.000229455937168640	
0.000163256833708541	
-6.21746554722615e-05	
-4.46651232143687e-05	
0.000128995184740261	
-0.000171325280748938	
0.000165734849548049	
-0.000120289840994330	
5.32457109814876e-05	
1.35036555332019e-05	
-6.14927325113393e-05	
8.09965656851435e-05	
-7.30143493752648e-05	
4.75227130097806e-05	
-1.88476408586343e-05	
-7.87748564242802e-08	
2.51746496917539e-06	
9.87253499401076e-06	
-2.81166226616733e-05	
3.98183645900135e-05	
-3.44027507995364e-05	
7.77752427992819e-06	
3.53185613136991e-05	
-8.22123448986658e-05	
0.000116242327715907	
-0.000122484238502565	
9.33273993023918e-05	
-3.19562615504354e-05	
-4.75696633258141e-05	
0.000123852515833805	
-0.000174333671336269	
0.000182236040099384	
-0.000142083311671974	
6.19954235151515e-05	
3.80695482116706e-05	
-0.000131705362586977	
0.000193520467192479	
-0.000206451968903057	
0.000166731517154261	
-8.50064268235208e-05	
-1.67173325960644e-05	
0.000111382375113217	
-0.000174541260865661	
0.000191096836535300	
-0.000159165590911095	
9.00156853640809e-05	
-4.23635335119034e-06	
-7.45801912882514e-05	
0.000126664134364702	
-0.000141350855043500	
0.000119333148011578	
-7.13927001827837e-05	
1.42275498464272e-05	
3.51429888103741e-05	
-6.45553805391514e-05	
6.98612741334910e-05	
-5.52101669212581e-05	
3.05788510103208e-05	
-7.56836652474894e-06	
-4.98871321569413e-06	
4.07965992157411e-06	
6.78428759602256e-06	
-1.93679454538014e-05	
2.42926060798395e-05	
-1.50580832088057e-05	
-8.97794723509242e-06	
4.17792963671895e-05	
-7.23309950534965e-05	
8.83372224207905e-05	
-8.06807565710217e-05	
4.71045884764484e-05	
6.20875984041034e-06	
-6.58178688894047e-05	
0.000114717641987833	
-0.000137459692709409	
0.000125101708518743	
-7.83907450852377e-05	
8.10160575526841e-06	
6.76765018875565e-05	
-0.000128558689926117	
0.000157710144536204	
-0.000146762816957345	
9.83131599850761e-05	
-2.52391573090040e-05	
-5.29621992174377e-05	
0.000115717976824475	
-0.000147148592861896	
0.000140364288308924	
-9.90626373535597e-05	
3.60373099432072e-05	
3.08564641114386e-05	
-8.39904370781885e-05	
0.000110888564202738	
-0.000107348861119679	
7.79339193324443e-05	
-3.38443332614382e-05	
-1.10091203076111e-05	
4.44074377785304e-05	
-5.93013484191616e-05	
5.53416451898910e-05	
-3.81212176751655e-05	
1.65480823525400e-05	
6.43131969296003e-07	
-8.00272729753423e-06	
5.05140148095319e-06	
3.97576996235057e-06	
-1.21518161812488e-05	
1.28597098903848e-05	
-2.65699873513288e-06	
-1.70534864295249e-05	
4.01791870208897e-05	
-5.79095040216794e-05	
6.18513081731903e-05	
-4.72515654724977e-05	
1.51683202339083e-05	
2.72243548458796e-05	
-6.84052838512504e-05	
9.58663637173642e-05	
-0.000100034318767041	
7.75028073201642e-05	
-3.25048920944709e-05	
-2.39130122711548e-05	
7.68400570713040e-05	
-0.000111725652921986	
0.000118618568440385	
-9.51349654932832e-05	
4.72456185559113e-05	
1.23685147056114e-05	
-6.79065779988466e-05	
0.000104912843213475	
-0.000114291549662903	
9.46994419888346e-05	
-5.26509476790644e-05	
3.70371491757506e-07	
4.79016719744292e-05	
-8.00006365807847e-05	
8.91052420460101e-05	
-7.52547058502006e-05	
4.47625261456462e-05	
-7.83039146497060e-06	
-2.47991390104611e-05	
4.50624422644092e-05	
-4.96810392760674e-05	
4.05772125666004e-05	
-2.35951277338995e-05	
6.07035389815419e-06	
5.86442525221222e-06	
-9.31141691254165e-06	
5.32135706348060e-06	
1.88821659446616e-06	
-6.86428548494324e-06	
5.26296563008109e-06	
4.25875456858879e-06	
-1.93001363693013e-05	
3.44096785830919e-05	
-4.29936468171668e-05	
3.97864302401754e-05	
-2.30164255583890e-05	
-4.51768221451354e-06	
3.58952825961832e-05	
-6.19771739931638e-05	
7.42010079676593e-05	
-6.73878321918836e-05	
4.16429723010279e-05	
-2.69716155056744e-06	
-3.94859227347079e-05	
7.34635604320093e-05	
-8.96195077841139e-05	
8.30224389893619e-05	
-5.49603746375526e-05	
1.26700669832919e-05	
3.26727422668955e-05	
-6.91087694274228e-05	
8.72586372675439e-05	
-8.29010837317456e-05	
5.80204517737688e-05	
-2.00489795747999e-05	
-2.04247753562447e-05	
5.27587276677511e-05	
-6.92286375068081e-05	
6.69988582107809e-05	
-4.85594163286386e-05	
2.05834782130590e-05	
8.35866432598535e-06	
-3.04658063011886e-05	
4.09134382432050e-05	
-3.89543532466377e-05	
2.76497445495062e-05	
-1.24192686971553e-05	
-1.03237478134833e-06	
8.68357915319097e-06	
-9.40490678643687e-06	
5.04337915184117e-06	
5.84524843259258e-07	
-3.38305725190370e-06	
7.16981946338687e-07	
7.43645992386493e-06	
-1.83453644721409e-05	
2.74535321231750e-05	
-3.00659754673859e-05	
2.31999131102752e-05	
-6.93967829816783e-06	
-1.52121806838616e-05	
3.71654695391534e-05	
-5.20350514954386e-05	
5.43427728132450e-05	
-4.19178232507880e-05	
1.68572275125073e-05	
1.48088979277303e-05	
-4.46978164084098e-05	
6.44528451463833e-05	
-6.82092194012832e-05	
5.43927350646924e-05	
-2.62893800032307e-05	
-8.80606578906086e-06	
4.16225504095278e-05	
-6.35269867188160e-05	
6.89453777796732e-05	
-5.68782431179937e-05	
3.10767446297635e-05	
1.14658522416045e-06	
-3.10897692887719e-05	
5.11488503489814e-05	
-5.68789321204518e-05	
4.80398336556581e-05	
-2.83652807437023e-05	
4.19109566508868e-06	
1.75819804982020e-05	
-3.15354165212111e-05	
3.51658706776718e-05	
-2.93049881559250e-05	
1.74676102708803e-05	
-4.41359868314983e-06	
-5.55503200867930e-06	
9.98296274961518e-06	
-8.89237452387647e-06	
4.48765751158939e-06	
-8.79728314704763e-08	
-1.29846000031851e-06	
-1.76806256732821e-06	
8.52595235201170e-06	
-1.62352111650805e-05	
2.11829449778610e-05	
-2.01199244233347e-05	
1.16178057199288e-05	
3.14815987491491e-06	
-2.05006605525417e-05	
3.52607337525667e-05	
-4.23543680871901e-05	
3.85154509652509e-05	
-2.35218826194927e-05	
5.32867574105560e-07	
2.46282952930291e-05	
-4.50672880342337e-05	
5.48237081665163e-05	
-5.06798414862533e-05	
3.32106647864072e-05	
-6.73540129827634e-06	
-2.18369616786303e-05	
4.49378053874859e-05	
-5.64759003371724e-05	
5.35481624838635e-05	
-3.72204454258964e-05	
1.21572359905263e-05	
1.47734130155279e-05	
-3.64887039885110e-05	
4.76740172321247e-05	
-4.61774055954289e-05	
3.34272181978329e-05	
-1.37917248316875e-05	
-6.87763311524239e-06	
2.30400563013282e-05	
-3.10358796892619e-05	
2.99694469239208e-05	
-2.16774694395783e-05	
9.85500533529129e-06	
1.32529531505268e-06	
-8.62022344168180e-06	
1.06855718882600e-05	
-8.31218505387544e-06	
3.89182855523656e-06	
-3.39265372710816e-07	
-1.23738462876330e-07	
-3.12064100583749e-06	
8.80866210818881e-06	
-1.42523736284569e-05	
1.63726795902816e-05	
-1.29421783976272e-05	
3.58977512893009e-06	
9.80961239637131e-06	
-2.35345739066413e-05	
3.31131709758765e-05	
-3.47793045260224e-05	
2.68158653776214e-05	
-1.03272484759294e-05	
-1.08479639113941e-05	
3.11046896197178e-05	
-4.46560624788599e-05	
4.72642875736681e-05	
-3.75839322281516e-05	
1.76888228527278e-05	
7.40403438675424e-06	
-3.10948555427053e-05	
4.70540419541195e-05	
-5.10207402520409e-05	
4.20119712759811e-05	
-2.25833927502105e-05	
-1.93132631899052e-06	
2.49683857876317e-05	
-4.06013659867867e-05	
4.51723419154617e-05