4.51769271536760e-05
-4.37324868903415e-05
3.59994759577437e-05
-2.28055473265289e-05
5.88717090862683e-06
1.23713442425324e-05
-2.93154373753303e-05
4.24501094226362e-05
-4.98476565077868e-05
5.04623898498543e-05
-4.42975281974497e-05
3.23954438926598e-05
-1.66536333680357e-05
-5.00469167234697e-07
1.65179732018942e-05
-2.91481810956941e-05
3.67960496813457e-05
-3.87560987279422e-05
3.52843724171618e-05
-2.74997734477263e-05
1.71370789164806e-05
-6.20052732157357e-06
-3.41582116926537e-06
1.02698389339654e-05
-1.36124142004056e-05
1.34850215514949e-05
-1.06587234135461e-05
6.42994545236924e-06
-2.31566949125263e-06
-2.90242453101170e-07
4.30634692536747e-07
2.19444106826822e-06
-7.14523338706884e-06
1.33159275238652e-05
-1.91520389857170e-05
2.29707812401232e-05
-2.33227141259991e-05
1.93236232335488e-05
-1.08896952895585e-05
-1.17395713505245e-06
1.52545299786187e-05
-2.91738495500399e-05
4.05522851005539e-05
-4.72306799665928e-05
4.76740172321285e-05
-4.12817477700618e-05
2.85448526576906e-05
-1.10162142389637e-05
-8.90597833878293e-06
2.83482588358086e-05
-4.44235515542098e-05
5.47051942873507e-05
-5.76306530676972e-05
5.27637594753267e-05
-4.08687247508873e-05
2.37822092260612e-05
-4.10541585922499e-06
-1.52299302006740e-05
3.14455662853555e-05
-4.23658910713407e-05
4.67543107615245e-05
-4.44794352426350e-05
3.64848989578612e-05
-2.45722702439807e-05
1.10402714746342e-05
1.75084337024304e-06
-1.18081292674831e-05
1.78487950768388e-05
-1.94949663546655e-05
1.72869137040604e-05
-1.25160727615508e-05
6.91357871682183e-06
-2.25757614286431e-06
-2.19734472342075e-08
-8.38148737944630e-07
4.75683511864049e-06
-1.08091034576773e-05
1.74069620630398e-05
-2.26275291178376e-05
2.46256247099288e-05
-2.20500784898456e-05
1.43802671449954e-05
-2.11268114132983e-06
-1.32456271465649e-05
2.93839202090492e-05
-4.35639841027748e-05
5.31013848813168e-05
-5.58654714745542e-05
5.07054447011540e-05
-3.77205876653252e-05
1.83190263532232e-05
4.95340819471278e-06
-2.87911883882653e-05
4.96528041274218e-05
-6.43412778503124e-05
7.05405020278561e-05
-6.72124686115131e-05
5.47837856115404e-05
-3.50864481770470e-05
1.10611383897152e-05
1.37264503827034e-05
-3.56723324402062e-05
5.17215686389595e-05
-5.98537245344607e-05
5.93823978501757e-05
-5.10184540619671e-05
3.66894216325583e-05
-1.91516060732192e-05
1.46877653356456e-06
1.35451266261394e-05
-2.38162991189264e-05
2.83450353816640e-05
-2.73241992652421e-05
2.20242520844259e-05
-1.44713633151942e-05
6.98452288134664e-06
-1.66442833218079e-06
-6.39108009526422e-08
-2.23672610388835e-06
7.91247162669383e-06
-1.53468001266651e-05
2.22981467087004e-05
-2.63824591212396e-05
2.56064967044775e-05
-1.88454577474142e-05
6.16662068095217e-06
1.10720496618177e-05
-3.03777773039179e-05
4.85144626173491e-05
-6.20649125718912e-05
6.80640204189929e-05
-6.45860956794655e-05
5.11740641896004e-05
-2.90239424794055e-05
8.80515787026059e-07
2.93480359247944e-05
-5.71971361751051e-05
7.83730239801023e-05
-8.94744267142874e-05
8.85810476652893e-05
-7.56025175551505e-05
5.23224155787414e-05
-2.21253805498180e-05
-1.05483872693106e-05
4.09280306805781e-05
-6.46906246335393e-05
7.86576835897771e-05
-8.12882681508604e-05
7.28838398778291e-05
-5.54719548750339e-05
3.23938528621601e-05
-7.67436233615105e-06
-1.47085396611955e-05
3.15199291485061e-05
-4.08029857167708e-05
4.21571953929970e-05
-3.67129991762248e-05
2.68138192195977e-05
-1.54718820342683e-05
5.70712904234127e-06
9.94041866556529e-08
-7.09354119009366e-07
-3.71276129797660e-06
1.16362958329989e-05
-2.04935345773637e-05
2.72385662750892e-05
-2.90269460780950e-05
2.38809904427533e-05
-1.12051412220225e-05
-7.95830673026535e-06
3.09951507448073e-05
-5.41081202396759e-05
7.29671900140842e-05
-8.35073479502688e-05
8.27274508723020e-05
-6.93382910834123e-05
4.41309863319366e-05
-9.98464363688913e-06
-2.85034498165463e-05
6.57127127544980e-05
-9.59056064865441e-05
0.000114189997557380
-0.000117367876709518
0.000104517228755714
-7.71985480557252e-05
3.92427003261304e-05
3.84908666055742e-06
-4.57927938375861e-05
8.05442294482116e-05
-0.000103279035841813
0.000111159200138578
-0.000103752917733041
8.30366741531482e-05
-5.29835022008229e-05
1.88158283548096e-05
1.39385458090848e-05
-4.04141061434678e-05
5.72229738937203e-05
-6.29717681860799e-05
5.83906610664391e-05
-4.60586699992811e-05
2.97854243430224e-05
-1.37743533794425e-05
1.73323381976868e-06
3.89255414140887e-06
-2.41284011930712e-06
-4.98637701075235e-06
1.55192079691203e-05
-2.54206792800344e-05
3.07905954388569e-05
-2.84928594776302e-05
1.69283333638180e-05
3.47994455221738e-06
-3.01979420210908e-05
5.89223028416840e-05
-8.43035124109407e-05
0.000100925754914050
-0.000104364704894202
9.21231372827666e-05
-6.42602679538500e-05
2.35819952485260e-05
2.46631190158937e-05
-7.35471600339294e-05
0.000115564451255035
-0.000143884568183977
0.000153536909104329
-0.000142313561189166
0.000111222958129017
-6.44040212282213e-05
8.50546016466839e-06
4.83694557380125e-05
-9.79735579666087e-05
0.000133255455985008
-0.000149494970953496
0.000145036342849946
-0.000121492536847680
8.33885311456262e-05
-3.73120939476636e-05
-9.27117783068943e-06
4.93221559251512e-05
-7.74154976169748e-05
9.05972504927847e-05
-8.87628236541356e-05
7.44958422780856e-05
-5.24096564224256e-05
2.81264196107513e-05
-7.09617669921484e-06
-6.51249933780179e-06
1.06337577284359e-05
-5.67747094952554e-06
-5.61875123611586e-06
1.88293401604020e-05
-2.88460305051174e-05
3.10486444380847e-05
-2.24056420114890e-05
2.27812913653534e-06
2.72454232333143e-05
-6.15683513231758e-05
9.43369985395596e-05
-0.000118597300247730
0.000128147053933713
-0.000118829122215340
8.95131586002526e-05
-4.25638045462793e-05
-1.63167340832646e-05
7.88702860522123e-05
-0.000135570684332899
0.000177202797295236
-0.000196457228389749
0.000189254558849948
-0.000155554595914999
9.94933091430167e-05
-2.88077412256838e-05
-4.63639348015818e-05
0.000115106996416081
-0.000167500859109793
0.000196228502131992
-0.000197743717128916
0.000172792700942626
-0.000126201198019310
6.59696113554437e-05
-1.84231295930489e-06
-5.63889428878737e-05
0.000100541387739869
-0.000125361163970149
0.000129274873411271
-0.000114447696446868
8.61527063703130e-05
-5.15843449475892e-05
1.83520286562413e-05
7.05185359490747e-06
-2.05127949511410e-05
2.10410704379195e-05
-1.08622790524265e-05
-5.16285623623932e-06
2.06723978211916e-05
-2.92640393147752e-05
2.59892592094459e-05
-8.57647026775421e-06
-2.18728927773620e-05
6.08726211541735e-05
-0.000101250414366023
0.000134444094941498
-0.000152162069006165
0.000148096325561699
-0.000119355610607065
6.73286724099831e-05
2.21398240835632e-06
-7.98339190544813e-05
0.000153856910732888
-0.000212288891634707
0.000244884146848740
-0.000244996116568226
0.000210870461201567
-0.000146132506707952
5.93609620938449e-05
3.71980415166889e-05
-0.000129567425915181
0.000204297460679599
-0.000250655594952969
0.000262365849986123
-0.000238593217332586
0.000184001531862092
-0.000107878044793511
2.24844953957282e-05
5.90676036602833e-05
-0.000125035888887900
0.000166964458055949
-0.000180961920351115
0.000168122496998407
-0.000134032122450402
8.74712158098858e-05
-3.85740006521435e-05
-3.19675865686402e-06
3.08695800987559e-05
-4.12312765107257e-05
3.53023789776418e-05
-1.79363793752563e-05
-3.37109969481570e-06
2.02223010714443e-05
-2.52563562198944e-05
1.38948165678581e-05
1.44655490255057e-05
-5.60684775202786e-05
0.000103323497633197
-0.000146164675688044
0.000174000730591498
-0.000177891538926590
0.000152530535240342
-9.76362779024978e-05
1.84566123260417e-05
7.47519408450309e-05
-0.000168217511899850
0.000246882193989924
-0.000296985449587282
0.000308542030494637
-0.000277260474011865
0.000205537821364681
-0.000102324738665598
-1.81453175217598e-05
0.000138564890635559
-0.000241329479135878
0.000311405598519888
-0.000338790623211962
0.000320132863507010
-0.000259226700274485
0.000166296513174034
-5.61986577124397e-05
-5.41364084403844e-05
0.000148564962713431
-0.000214385108980229
0.000244318292951816
-0.000237475651075436
0.000199156031774908
-0.000139538355062482
7.15341908939162e-05
-8.21923294148006e-06
-3.96638096704343e-05
6.56573571291711e-05
-6.86309215574783e-05
5.27250688975118e-05
-2.62226495102848e-05
-4.18965996718654e-07
1.69767594177227e-05
-1.58259233826758e-05
-6.22227673899099e-06
4.69912028112305e-05
-9.91267998202635e-05
0.000151394543037603
-0.000190858025633415
0.000205532536873957
-0.000187002430301981
0.000132482590889641
-4.58953317170088e-05
-6.22907307618885e-05
0.000176485331034131
-0.000278451531655655
0.000350413039567227
-0.000378244164415392
0.000354160200659504
-0.000278400739562878
0.000159568592199110
-1.35228984694959e-05
-0.000139015779462806
0.000275755369546003
-0.000376456570328549
0.000426262492292098
-0.000418149309916674
0.000354064368679424
-0.000244548629104991
0.000106909017053390
3.77355956264506e-05
-0.000168010646109503
0.000265814473185576
-0.000319197914599544
0.000324095173685676
-0.000284618675445267
0.000211894881502217
-0.000121685278131233
3.12574799201385e-05
4.38954063015753e-05
-9.28681517240764e-05
0.000111165882715689
-0.000101205791560500
7.14239339919727e-05
-3.41824410265777e-05
2.90463357047706e-06
1.09839332933555e-05
-6.90712533976734e-07
-3.42706789843211e-05
8.77233376250095e-05
-0.000147884720051701
0.000199659852988257
-0.000227743154931327
0.000219932252110553
-0.000169999290705706
7.95321525030715e-05
4.16607688254432e-05
-0.000176725213173149
0.000304360899097117
-0.000402416750879957
0.000451850033276846
-0.000440329550749607
0.000364806795905530
-0.000232549210623654
6.03973366128483e-05
0.000127675195747194
-0.000304310859871252
0.000443194768128875
-0.000523393799028414
0.000532847489374954
-0.000470391604091139
0.000345950468447150
-0.000178857251402280
-5.40598504440915e-06
0.000179475146632399
-0.000318625842326787
0.000404755142789160
-0.000429129850836370
0.000393435003579929
-0.000308967871530337
0.000194161271991275
-7.09230827355236e-05
-3.95096572422607e-05
0.000120422950033672
-0.000162470233587560
0.000164993349787182
-0.000135599194246502
8.81066818846648e-05
-3.92916607679854e-05
5.08851118661784e-06
2.98784023782009e-06
1.95224834855932e-05
-6.88715915975637e-05
0.000133686827382053
-0.000197202558409588
0.000240726404716961
-0.000247673350021313
0.000207373536898722
-0.000117882816512061
-1.28025886271350e-05
0.000167434793715098
-0.000322056888719426
0.000449993720679237
-0.000526596623047085
0.000533883077935080
-0.000464204492524471
0.000322229051523453
-0.000124816444205676
-0.000101264133225093
0.000323429780167228
-0.000508514148048858
0.000628234291565966
-0.000663937561647072
0.000609786038530497
-0.000473804048675092
0.000276589043233007
-4.79001387271690e-05
-0.000178283294480407
0.000369367685989498
-0.000499433267443851
0.000553281570983897
-0.000528547354609745
0.000435533083682177
-0.000294838419992349
0.000133256415134172
2.12813571109971e-05
-0.000144764035319326
0.000221230362069872
-0.000245218529119918
0.000222113393616485
-0.000166370695284058
9.80033605210981e-05
-3.80461459668631e-05
3.90889583968666e-06
-5.54828454399789e-06
4.32285709763989e-05
-0.000107332936252985
0.000180286330647971
-0.000240234237534992
0.000265768942808242
-0.000240774110244201
0.000158413776421334
-2.34345052015383e-05
-0.000147744771555201
0.000329267156403164
-0.000490063676931066
0.000599345776266939
-0.000632375059128282
0.000575436507246993
-0.000429056365305636
0.000208802711353517
5.65664847427647e-05
-0.000329363135180053
0.000568946941693401
-0.000738404355583282
0.000810763933492732
-0.000773645432557265
0.000631503035512309
-0.000405041511229044
0.000127883128673578
0.000158947575915919
-0.000413763867614725
0.000601005104805592
-0.000696889180369892
0.000692951647416106
-0.000596877607028362
0.000430523024797760
-0.000225529893411684
1.73712281557608e-05
0.000161062235860717
-0.000285152427020458
0.000342489970491355
-0.000334365211127253
0.000274591480841929
-0.000185945165563069
9.49584343778951e-05
-2.61106438735819e-05
-3.42549322462962e-06
-1.25616684382661e-05
6.79996629334889e-05
-0.000145816828352748
0.000221599626299194
-0.000268915390591933
0.000265253469989689
-0.000197395682295518
6.51127903171278e-05
0.000117615690178842
-0.000324199569168175
0.000519657987386197
-0.000666753242665082
0.000732940784125307
-0.000696846764871134
0.000553032047213312
-0.000314083279711706
9.53945231576368e-06
0.000318267503550293
-0.000620811052626620
0.000851298932015025
-0.000972556900892801
0.000963470878889194
-0.000822824092218678
0.000569813587694273
-0.000241113553576236
-0.000115033762666627
0.000446686792573149
-0.000706667428872788
0.000860144032715627
-0.000890018368472612
0.000799195776830703
-0.000609380018648972
0.000356660313117204
-8.47334336687315e-05
-0.000162977404618404
0.000350859808298220
-0.000456940782539077
0.000475975964216591
-0.000419292507716782
0.000311493813685029
-0.000184725764705199
7.16607743758481e-05
1.40836823013755e-06
-2.00030432127163e-05
-1.56491213225010e-05
9.08380677183932e-05
-0.000179674290353777
0.000250827079956119
-0.000274566076484186
0.000229699813184887
-0.000108999247512319
-7.80381262759562e-05
0.000305734287076316
-0.000536108392271314
0.000725460775883659
-0.000832495703402543
0.000826482814379479
-0.000693901149418810
0.000442246081223986
-0.000100169676336655
-0.000286217817763415
0.000660352944577307
-0.000964375933899404
0.00114886225682275
-0.00118140976219339
0.00105253207028905
-0.000777763695684252
0.000395542742362911
3.88153317379643e-05
-0.000462040096975341
0.000813189089600194
-0.00104350622092663
0.00112414180434525
-0.00105040112574529
0.000841810686606703
-0.000538041995981986
0.000191475021417931
0.000142218894369962
-0.000413751492061157
0.000588400376770736
-0.000651247126749493
0.000608580520529442
-0.000485299258754531
0.000318899644955726
-0.000151270726783974
1.99228222423817e-05
4.96309252136621e-05
-4.88544257520881e-05
-1.24372239635524e-05
0.000108571395296111
-0.000203882868867619
0.000260786049401446
-0.000248442300654461
0.000150269377730939
3.12631811079727e-05
-0.000273607475886237
0.000537219852146623
-0.000772298667180818
0.000927998836783933
-0.000962429483358547
0.000851536408395511
-0.000595121904030087
0.000218739147903839
0.000229067394650110
-0.000683853094508130
0.00107556201098568
-0.00134025972450550
0.00143124626642301
-0.00132754765794467
0.00103821411650279
-0.000601576353670369
7.95000599453186e-05
0.000452427891019886
-0.000917113005473611
0.00124845723010596
-0.00140198067842130
0.00136171620317094
-0.00114219414188911
0.000785211638580311
-0.000352013552680245
-8.76702940781439e-05
0.000467733876139347
-0.000736765661499079
0.000866111544060192
-0.000853535640442055
0.000721914047243024
-0.000513325939990176
0.000279762231577880
-7.22944091942405e-05
-6.91816153932050e-05
0.000123641221705299
-9.25881283443860e-05
-1.01563199572351e-06
0.000118311721291470
-0.000213482417821249
0.000244273489850542
-0.000181982415060389
1.88667679970900e-05
0.000228599618875408
-0.000521410210416920
0.000804485008759228
-0.00101680234460034
0.00110335263276987
-0.00102665335525965
0.000775575907681761
-0.000369673941888629
-0.000142004800987315
0.000687637287167032
-0.00118385716094951
0.00154961523067459
-0.00172024553790250
0.00165921073204692
-0.00136535895808288
0.000874286528583085
-0.000253432584014221
-0.000408351583992134
0.00101501812519193
-0.00147888750067766
0.00173486447324189
-0.00175082918834612
0.00153239747911619
-0.00112124353437227
0.000587325461876797
-1.64411960061734e-05
-0.000504630250201812
0.000902731089634981
-0.00113007173216600
0.00117107100821858
-0.00104315996363816
0.000791544843436988
-0.000479044753190813
0.000173025352080140
6.80274733559348e-05
-0.000205708805468244
0.000228534037007903
-0.000153133939787775
1.96226394372820e-05
0.000117907237920644
-0.000203849680285443
0.000194002679597164
-6.63143108395535e-05
-0.000172774777540211
0.000487795316395998
-0.000819807870862988
0.00109715254289641
-0.00124944509465889
0.00122218406935121
-0.000989131823113877
0.000559967484012799
1.84708620073799e-05
-0.000667878593013069
0.00129034784058942
-0.00178446027559163
0.00206282256525556
-0.00206790848422159
0.00178329321950702
-0.00123812744568996
0.000503870365159387
0.000316326511535621
-0.00110386824562542
0.00174384762458292
-0.00214375824549818
0.00224852912632033
-0.00204924911587009
0.00158405744561752
-0.000931065887050131
0.000194596571651689
0.000512791213536340
-0.00108927032203032
0.00146033935961006
-0.00159012681253980
0.00148548136154536
-0.00119226303214352
0.000784690866779488
-0.000349878549809800
-2.94377096258289e-05
0.000290668078272306
-0.000402641541933984
0.000370272130596575
-0.000231793216336358
4.91772267717217e-05
0.000106313005208151
-0.000170534004660420
0.000101518340499147
0.000109905742126401
-0.000436185209728983
0.000816777481331793
-0.00116903342468115
0.00140429191050797
-0.00144617334400357
0.00124753809237543
-0.000802719301545035
0.000152434693572172
0.000619908098524233
-0.00140020931927071
0.00206209983367420
-0.00248864536818623
0.00259347623736195
-0.00233747126485845
0.00173782398412577
-0.000867618204722748
-0.000154289464029518
0.00118154111282493
-0.00206367009146312
0.00267061273738625
-0.00291407826563640
0.00276202319103104
-0.00224366706360470
0.00144414987544267
-0.000489769296171762
-0.000473585882791727
0.00130497845681271
-0.00189159370618246
0.00216645955084129
-0.00211764901815109
0.00178746922126772
-0.00126198309531394
0.000652983096352456
-7.59109545074258e-05
-0.000372062274985400
0.000629652163301235
-0.000681479346014392
0.000558669553510253
-0.000330034251903512
8.56555554239763e-05
8.38178473251488e-05
-0.000108000458153298
-4.64985330925722e-05
0.000366910214339521
-0.000794737360272318
0.00123595680466484
-0.00157924282267268
0.00171883485088935
-0.00157766034438280
0.00112613090512638
-0.000392711378982414
-0.000536192324804250
0.00152752644142929
-0.00242245730136405
0.00306334282294641
-0.00332206810041948
0.00312458538837670
-0.00246702480743424
0.00142013855878413
-0.000120869365047704
-0.00124786734075383
0.00248594570245680
-0.00340848660982668
0.00387640116949941
-0.00381965490406352
0.00324910341992671
-0.00225473199722179
0.000990527354852711
0.000351412125392016
-0.00157299496422418
0.00250283201616219
-0.00302375605719738
0.00309035623106302
-0.00273353937749791
0.00205149980225886
-0.00118896303710148
0.000308709093995012
0.000439221696358439
-0.000944845467883306
0.00115697182677061
-0.00108991155557667
0.000817014248627588
-0.000452429163628737
0.000124764460379770
5.20855962496145e-05
-5.07984080620851e-06
-0.000280201223618851
0.000753926058693759
-0.00130996516421359
0.00180621884052196
-0.00209363584968316
0.00204841502618589
-0.00160107259734705
0.000756442085220465
0.000399791972336947
-0.00171000184996524
0.00296806376234040
-0.00395364073679358
0.00447140168638175
-0.00438811498261571
0.00366067235041672
-0.00234950944982759
0.000614366327298860
0.00130755590903964
-0.00313779404099781
0.00460124369524817
-0.00547159404637446
0.00560963346643070
-0.00498757855061051
0.00369493288907114
-0.00192458934587017
-5.86186890681068e-05
0.00196156675806838
-0.00351111927445794
0.00449859240051186
-0.00481259527206214
0.00445450922650310
-0.00353398852281963
0.00224548764171721
-0.000830278418962886
-0.000468924815833079
0.00145226184151290
-0.00199768993725533
0.00208011847389536
-0.00177121107229950
0.00122002993148248
-0.000618378192723472
0.000157685529110192
1.39974140919768e-05
0.000173772757949315
-0.000695484486771400
0.00143133693016237
-0.00218921074463839
0.00274323500228834
-0.00288183971253094
0.00245604620711050
-0.00141831925555687
-0.000156280000764617
0.00207185075562207
-0.00403736561093380
0.00571285650358689
-0.00676853195525100
0.00694647545164730
-0.00611358473682673
0.00429549009890121
-0.00168421066652561
-0.00138321756906400
0.00447275253203049
-0.00712069186238219
0.00890928420763069
-0.00953764391926578
0.00887539176841519
-0.00698910654710587
0.00413619727396447
-0.000726427178264515
-0.00274294820786196
0.00576765944471027
-0.00791875907361998
0.00891247028902102
-0.00865518617361452
0.00725550915679751
-0.00500102198419694
0.00230381261657399
0.000375506445438619
-0.00261149833680714
0.00408994285966980
-0.00466205141814515
0.00436655071632129
-0.00341519644467818
0.00214411618688750
-0.000939948028105385
0.000154807374824331
-2.66868073698976e-05
0.000621407553136672
-0.00180867706589496
0.00327871373514066
-0.00459831304153115
0.00529750163188138
-0.00497148996563285
0.00337874654988803
-0.000515521085289673
-0.00334969829436226
0.00769188893050649
-0.0117967746621064
0.0148716189561034
-0.0161828549199935
0.0151977352665569
-0.0117047480057490
0.00588945027725348
0.00165147218648421
-0.00996555458706015
0.0178654658361843
-0.0241001207316975
0.0275510517338570
-0.0274232046658107
0.0233982948746408
-0.0157231140908881
0.00521425185121759
0.00682670257604127
-0.0187792154951949
0.0289293436166093
-0.0357223837320733
0.0380044589455209
-0.0352149467022659
0.0274978297495242
-0.0157115274636838
0.00133186577424334
0.0137407392174639
-0.0274436556788595
0.0378462888691440
-0.0434326811672215
0.0433297179685867
-0.0374456312000762
0.0264965143805490
-0.0119152186922398
-0.00434526671158148
0.0200857873710901
-0.0331723132697042
0.0418386934172011
-0.0449361907576795
0.0420930986247551
-0.0337613085126065
0.0211437419027032
-0.00601443018746740
-0.00954103664265980
0.0234254120231563
-0.0338253190113773
0.0394591053529847
-0.0397417196711248
0.0348445034475532
-0.0256440750769154
0.0135712635815611
-0.000385723534176472
-0.0120877912549493
0.0222209891057162
-0.0288027569337272
0.0311880550830912
-0.0293562023153597
0.0238743773295365
-0.0157768251893254
0.00638265917053641
0.00291657637721901
-0.0108654087380529
0.0165173441375526
-0.0193479066020474
0.0192943926701616
-0.0167213427483843
0.0123226224198742
-0.00698046828357099
0.00160745895112617
0.00300160163966050
-0.00628438700631424
0.00797601754870097
-0.00811745967063257
0.00701058252320179
-0.00513201133927551
0.00302421428752224
-0.00118499934354649
-2.45121624588996e-05
0.000437941602349366
-9.93116129511968e-05
-0.000763920920296007
0.00180285528834439
-0.00263047097537713
0.00290926150541370
-0.00242605852838207
0.00113996045096587
0.000805217626684328
-0.00310566298857985
0.00535415053644175
-0.00711736446168367
0.00801918482037004
-0.00781430797516282
0.00643857470733917
-0.00402681598154515
0.000895037410598308
0.00250976634909072
-0.00568311615384958
0.00814678462127408
-0.00952804559848573
0.00962072841105949
-0.00841778058271509
0.00611019700538460
-0.00305311731002507
-0.000294442236540899
0.00344536249495270
-0.00596245963787256
0.00752554224189489
-0.00797654899927432
0.00733597434978062
-0.00578898783870351
0.00364495497996810
-0.00127853296817806
-0.000936619345865017
0.00268966639265569
-0.00377942289387731
0.00413878932965042
-0.00383373795509906
0.00303850358311895
-0.00199285967710173
0.000950353083485394
-0.000127628517956763
-0.000335674632533349
0.000399344779239768
-0.000123840800993645
-0.000349002189234476
0.000831267575046577
-0.00113278595719225
0.00110458428252265
-0.000673311477854491
-0.000140105408379058
0.00122118188537185
-0.00238181038104295
0.00339555699261712
-0.00404154951569635
0.00414856657478550
-0.00363090314494462
0.00250912508912259
-0.000911632685300944
-0.000943500573051038
0.00278332177830443
-0.00432529274910696
0.00532504727295442
-0.00561813961447591
0.00514841136627707
-0.00397801985739884
0.00227745258451552
-0.000297396304481684
-0.00167250414982730
0.00335073605034141
-0.00450869437010373
0.00500553943548744
-0.00480742877107784
0.00398828077556522
-0.00271253057125401
0.00120347751373882
0.000296759255629436
-0.00156838248708851
0.00244892260637273
-0.00285623046652989
0.00279595124049588
-0.00235290343820327
0.00166872773408379
-0.000910585313093898
0.000237147030690065
0.000231620156175385
-0.000435311881994729
0.000380989094992165
-0.000137100104567371
-0.000184900636819319
0.000457239085289686
-0.000565303134781386
0.000433972721510885
-4.55555549182023e-05
-0.000554221849423290
0.00126336890350444
-0.00194257696634789
0.00244232325326554
-0.00263292247133344
0.00243173134658345
-0.00182222095234914
0.000861133839296744
0.000327847881938911
-0.00157299496422441
0.00268272441809877
-0.00347810404419928
0.00382386398751920
-0.00365235746638320
0.00297616863606858
-0.00188709569928911
0.000541667502210445
0.000864261646348701
-0.00212738238786168
0.00306971236180984
-0.00356664220817795
0.00356551077709979
-0.00309171634584588
0.00224161496154642
-0.00116379223745748
3.22993429797114e-05
0.000983237066805172
-0.00174531168969419
0.00216927964292906
-0.00223377077192472
0.00197937997203394
-0.00149640103326216
0.000904337089758952
-0.000327329938364613
-0.000129742612496834
0.000400040902303511
-0.000465059163130298
0.000354800988030610
-0.000138167387991965
-9.42427194201064e-05
0.000251308405836906
-0.000262229358537720
9.28601339041334e-05
0.000245708821702192
-0.000698028037449247
0.00117447592846133
-0.00156879596382235
0.00177959458708467
-0.00173162991719471
0.00139273345655453
-0.000783006188693183
-2.56358932767199e-05
0.000919693289088328
-0.00176239057895312
0.00241684229765652
-0.00276993319019183
0.00275260320560820
-0.00235285081748249
0.00161906385337335
-0.000653015727929082
-0.000406290158646457
0.00140511998490083
-0.00219993298818866
0.00268040678837406
-0.00278661676713455
0.00251749669829578
-0.00192928149331599
0.00112441518636635
-0.000233073954943126
-0.000609293642399177
0.00128438798753993
-0.00170953490521252
0.00184912507825601
-0.00171727603353847
0.00137160930041620
-0.000899645688065719
0.000400615369508213
3.37739355958674e-05
-0.000335993585983780
0.000473756671442359
-0.000453613419589929
0.000316674654788438
-0.000127569914023970
-4.09828509010566e-05
0.000124824089447174
-8.28666230050535e-05
-9.34079035606063e-05
0.000377343860037329
-0.000711911653174773
0.00102097860051862
-0.00122485446335801
0.00125707737298357
-0.00107914775950278
0.000690286178765692
-0.000130214587671636
-0.000525734825192244
0.00117843841797860
-0.00172167481405156
0.00206070927836888
-0.00212940172704539
0.00190270792653828
-0.00140225519734502
0.000693910972165377
0.000122302505026287
-0.000928223731327684
0.00160671763049637
-0.00206065881361202
0.00222844841607323
-0.00209341671477394
0.00168556737387512
-0.00107548621072278
0.000361618072503500
0.000346739552794414
-0.000947671561802568
0.00136290808925199
-0.00154934523049574
0.00150397337278110
-0.00126159543964706
0.000886032470218815
-0.000456670007542232
5.29873763109471e-05
0.000260004219614164
-0.000442751756686508
0.000486665604305828
-0.000413315240500703
0.000267708421887991
-0.000107163821404348
-1.19038755843415e-05
4.66135558068233e-05
2.28497755232886e-05
-0.000188672361929083
0.000416701757120480
-0.000653322034493705
0.000836555303086033
-0.000909204706959484
0.000831448297311056
-0.000590382536573536
0.000204580368296371
0.000277335838911919
-0.000783977818119324
0.00123309304873713
-0.00154596257000672
0.00166168028061770
-0.00154868889536557
0.00121142223688461
-0.000690775185429875
5.82309259357430e-05
0.000595383310461065
-0.00117457470154589
0.00159474505223298
-0.00179592657815553
0.00175232007247348
-0.00147601852050146
0.00101433855127817
-0.000441314076856811
-0.000155074355861779
0.000687637287166923
-0.00108408253321091
0.00129806049880360
-0.00131532119410502
0.00115407377446715
-0.000859701617724476
0.000494996066614347
-0.000127846588572375
-0.000181273004648541
0.000389719954344863
-0.000479158229421674
0.000457044250144070
-0.000353040536113475
0.000211236691813199
-7.98325972125123e-05
3.85847977538595e-07
1.23450502579083e-06
7.95852882599622e-05
-0.000225186889987581
0.000399343636461469
-0.000554930775047821
0.000644034115682592
-0.000628491402569707
0.000488768367980798
-0.000229380377424043
-0.000120278605863367
0.000509968582329157
-0.000876842147132060
0.00115642802286832
-0.00129436205516828
0.00125670169908480
-0.00103689458366013
0.000658064309527048
-0.000170118003192599
-0.000357884510014316
0.000848802402415716
-0.00123000569974648
0.00144529094373371
-0.00146404514357069
0.00128607598589475
-0.000941300726763424
0.000484399377933024
1.45765937132875e-05
-0.000481950562829235
0.000852445634351246
-0.00107940213675880
0.00114146595323270
-0.00104469236343629
0.000819852999077966
-0.000515596780747983
0.000188841747539070
0.000105766488480574
-0.000325381256913912
0.000445765392133653
-0.000464239982474156
0.000398379517714763
-0.000280871054202936
0.000151668035374273
-4.90545287152931e-05
1.40574812642611e-06
-2.12587436779408e-05
0.000102830345831430
-0.000223431813555942
0.000348463645964376
-0.000438975547707529
0.000460277448448799
-0.000389881076034165
0.000223175490807606
2.43304901074384e-05
-0.000318712887147389
0.000613044857431955
-0.000855565987431056
0.000999121926905388
-0.00101012775158228
0.000875373329255469
-0.000605367056701612
0.000233535903643937
0.000188649903566735
-0.000599818166208213
0.000938696907387452
-0.00115423102034266
0.00121404157283805
-0.00110975029354153
0.000858250888183227
-0.000498729869175604
8.59908443658131e-05
0.000318718441934478
-0.000657753220919155
0.000886241763750928
-0.000978814298296134
0.000932790859358946
-0.000767381276336480
0.000519171138678671
-0.000234823676278817
-3.75992709548837e-05
0.000257086678477819
-0.000396379148651823
0.000445769935273836
-0.000413426086826683
0.000322314472759919
-0.000204450992722451
9.36761236528672e-05
-1.84081917695423e-05
-4.20519890706786e-06
-2.83828758706944e-05
0.000103919159414359
-0.000198274510864712
0.000280875233099486
-0.000321538452904118
0.000297337416381659
-0.000198116432009520
2.95338628193607e-05
0.000187014978586669
-0.000417645059206124
0.000621839346277252
-0.000759851067001673
0.000800276767146056
-0.000726375030115165
0.000539920634017765
-0.000261825509919542
-7.06555239247001e-05
0.000409692973548310
-0.000704638415432331
0.000910414546033899
-0.000995064814677599
0.000945133486558389
-0.000767932291963605
0.000490303838180029
-0.000154113269170842
-0.000190724741911616
0.000494450467271447
-0.000715460866418618
0.000826732409569929
-0.000819592193161159
0.000704255169585386
-0.000507131575209528
0.000265482752077451
-2.04614385892890e-05
-0.000190167060026444
0.000338307526172296
-0.000409727504453347
0.000405482803014465
-0.000340429875238652
0.000239224644160678
-0.000130665674725852
4.15270950626321e-05
8.90732790749082e-06
-1.25616684382719e-05
-2.61506466445354e-05
9.16840263002230e-05
-0.000161042703956090
0.000209023267654960
-0.000213954028188228
0.000162774471557478
-5.44275827029066e-05
-9.91358362306575e-05
0.000274581241714855
-0.000441176089474746
0.000566412644788763
-0.000622220935954978
0.000590598759433341
-0.000467579451571118
0.000264754637452664
-8.01337963794245e-06
-0.000266331213987418
0.000517376041136004
-0.000706407510840106
0.000803432252041792
-0.000792302643101941
0.000673528247381207
-0.000464275591802529
0.000195558494673073
9.28818327631457e-05
-0.000359103455378483
0.000565754665923498
-0.000685954574253065
0.000707266998466943
-0.000633125324191024
0.000481529317287314
-0.000281322039952310
6.67773409825146e-05
0.000128489743608454
-0.000277184761438515
0.000362572996654868
-0.000380590086407984
0.000339529352565498
-0.000257466504570872
0.000157997032160111
-6.51594499327154e-05
-1.45463356627116e-06
3.04656574338606e-05
-2.06472463918041e-05
-1.92890507353488e-05
7.29739234580352e-05
-0.000120233687389128
0.000141724163531760
-0.000123406351570986
5.99606053147193e-05
4.35552752713154e-05
-0.000172157224928108
0.000303439770411253
-0.000411680388649925
0.000472776122467537
-0.000469076611401733
0.000393185260346682
-0.000249982664747561
5.64496853994768e-05
0.000160728385166296
-0.000369385272357122
0.000537193713580496
-0.000637143937150574
0.000652206407448505
-0.000578345746158327
0.000425345015527583
-0.000215289235995706
-2.10271762850060e-05
0.000249138047848455
-0.000436506389611348
0.000557716111185838
-0.000598366137341002
0.000557020536527385
-0.000444922416694531
0.000283580102199441
-0.000100708254618234
-7.47132515389441e-05
0.000217363020186223
-0.000309613490668886
0.000343993174468971
-0.000323697411306926
0.000261137480412452
-0.000174878909307430
8.56071348611839e-05
-1.19204998415048e-05
-3.32407791132981e-05
4.48643501419004e-05
-2.64346347019331e-05
-1.12622987923742e-05
5.28186212749524e-05
-8.18061995023783e-05
8.45640257278337e-05
-5.34065331255959e-05
-1.13946403802998e-05
0.000101261577603005
-0.000200681449549858
0.000290051341839350
-0.000349461907607335
0.000362698909811581
-0.000320691757316499
0.000223733851353719
-8.20229940522007e-05
-8.56204649644869e-05
0.000254662290861143
-0.000398891007054882
0.000494870929672026
-0.000526017140170101
0.000485560168432327
-0.000377863884759060
0.000217853252674493
-2.86454043595990e-05
-0.000162203500077472
0.000327179800241856
-0.000443242279818812
0.000495437140954606
-0.000479087587918333
0.000400207808848405
-0.000274110248832696
0.000122494567179137
3.04312579147432e-05
-0.000162089140063518
0.000255192714298533
-0.000300303435631096
0.000296869566389145
-0.000252624270739814
0.000181522168212388
-0.000100656313436025
2.67720266177986e-05
2.69502465482094e-05
-5.32418580234925e-05
5.18035807136388e-05
-2.89119931710673e-05
-4.30466011934106e-06
3.45458456802382e-05
-4.94191794719498e-05
4.02973549289457e-05
-4.37713638130663e-06
-5.44740495145058e-05
0.000126259908806659
-0.000196690222931597
0.000249961331922117
-0.000271948744257005
0.000253194141120042
-0.000191101922201978
9.09042001056994e-05
3.48192413474650e-05
-0.000168010646109681
0.000288078289004852
-0.000375396684153428
0.000414736960837973
-0.000398008149754583
0.000325810287218325
-0.000207511576021100
5.98254631697458e-05
9.58688636834017e-05
-0.000236996122268278
0.000343440280194116
-0.000400752498773105
0.000402363541003954
-0.000350434616221404
0.000255225887140537
-0.000133125150831017
3.71267700727750e-06
0.000113599944664663
-0.000202756987612704
0.000253519032366940
-0.000262789821299565
0.000234618856067018
-0.000178934643074105
0.000109292876928442
-4.00952252167224e-05
-1.61826669036461e-05
5.12343413681950e-05
-6.22326473664115e-05
5.19910132668413e-05
-2.79849051266594e-05
4.60968289562537e-07
1.99675403605577e-05
-2.47481913216542e-05
9.35182643915900e-06
2.56214348120414e-05
-7.44134868902945e-05
0.000127165984182962
-0.000171861340020241
0.000196771020374105
-0.000192934534876379
0.000156182767557235
-8.83020111396810e-05
-2.90546207472890e-06
0.000104702264231249
-0.000201461867172107
0.000277320963344214
-0.000318962899271548
0.000318027686785377
-0.000272707655768947
0.000188232299170806
-7.61446056000510e-05
-4.75123387065319e-05
0.000164785037883561
-0.000258724617707759
0.000316120527030035
-0.000329581789943619
0.000298614292456324
-0.000229523764578140
0.000134183421195623
-2.79044731097322e-05
-7.31989561347452e-05
0.000154878594254920
-0.000206988463478648
0.000224912606025074
-0.000209963153952530
0.000168719531630635
-0.000111471842731214
5.00890858409197e-05
4.27245025040422e-06
-4.31895635214447e-05
6.23547980689275e-05
-6.20860745647799e-05
4.69000179939029e-05
-2.42656785404542e-05
2.80937509564243e-06
9.65900667363347e-06
-7.90064573644819e-06
-9.56515088207861e-06
4.00747360405978e-05
-7.73093344948493e-05
0.000112562571279714
-0.000136537219478282
0.000141318437159306
-0.000122134831613802
7.85569499967491e-05
-1.48877779118061e-05
-6.03484000782334e-05
0.000135742445607049
-0.000198929452358109
0.000238764292549264
-0.000247347835023371
0.000221531487958837
-0.000163619795911206
8.11344599782126e-05
1.43281390297855e-05
-0.000108951009342142
0.000188940057014758
-0.000242766191824948
0.000263017150814179
-0.000247541875504595
0.000199698131694144
-0.000127674346595029
4.30200105079099e-05
4.13441048558265e-05
-0.000113278574199882
0.000163362951473077
-0.000186288240750030
0.000181480017172936
-0.000152871939376749
0.000107904328450621
-5.59599357887031e-05
6.54420870827914e-06
3.24462696279356e-05
-5.60513625824006e-05
6.29407594351382e-05
-5.53691162559680e-05
3.84314057890932e-05
-1.87887799526011e-05
3.13199447467173e-06
3.30644827333183e-06
2.10377299842524e-06
-1.88139611447049e-05
4.31960741593778e-05
-6.92949591180769e-05
9.00816824204666e-05
-9.89589494501047e-05
9.12202784413704e-05
-6.51725020465524e-05
2.26945178479408e-05
3.08881907739189e-05
-8.76041029914526e-05
0.000138173847137667
-0.000173645715252113
0.000187029878621700
-0.000174629716373825
0.000136821534464129
-7.81327775382069e-05
6.59531581436935e-06
6.75187791061054e-05
-0.000133360337064736
0.000181275043871575
-0.000204375422012013
0.000199640863066567
-0.000168359105059095
0.000115840521624599
-5.04654880494330e-05
-1.77585077322841e-05
7.88702860522536e-05
-0.000124564002736074
0.000149457094752306
-0.000151807906217853
0.000133577290610399
-9.98486125843881e-05
5.77351118882829e-05
-1.49917814603546e-05
-2.14047976288810e-05
4.64483937061261e-05
-5.78575155863761e-05
5.62712053729975e-05
-4.48735967407827e-05
2.85425849961360e-05
-1.27053778982638e-05
2.13461550036509e-06
7.56994071062680e-08
6.84472914803526e-06
-2.11982542412615e-05
3.91982317805829e-05
-5.57910041890882e-05
6.57547263789014e-05
-6.48553613519119e-05
5.08291140980795e-05
-2.39937126506893e-05
-1.26382493269755e-05
5.37757712615923e-05
-9.27264994487312e-05
0.000122576959621137
-0.000137459692709409
0.000133672439634518
-0.000110439604070760
7.01702287002958e-05
-1.81577322314046e-05
-3.82321683129066e-05
9.07461963527663e-05
-0.000131594422553666
0.000154731062903713
-0.000156841858643635
0.000137867783817204
-0.000100978013019472
5.20030513847841e-05
1.56619147616914e-06
-5.18329089354730e-05
9.17807100687748e-05
-0.000116369000721763
0.000123253584716335
-0.000113019639637539
8.89038810478012e-05
-5.60744176238337e-05
2.06138159806577e-05
1.16004742562042e-05
-3.59121924545634e-05
4.96187141854876e-05
-5.22981415295658e-05
4.56885626445714e-05
-3.31620001157859e-05
1.89103896060262e-05
-7.01186008416860e-06
5.63597645345660e-07
-1.04993455234875e-06
8.06498542602815e-06
-1.94379877989161e-05
3.17302726141825e-05
-4.10005880266612e-05
4.36839058040655e-05
-3.74073980335874e-05
2.15797578134457e-05
2.36618305361244e-06
-3.11309969815702e-05
6.00831124879909e-05
-8.40745839666079e-05
9.83881912720735e-05
-9.96395630225151e-05
8.64646226949482e-05
-5.98608801426103e-05
2.31137701712864e-05
1.86852742032280e-05
-5.94479782274814e-05
9.30850151925166e-05
-0.000114513899984179
0.000120502213233186
-0.000110199041498025
8.52634603620297e-05
-4.95707489777004e-05
8.55164857527082e-06
3.17161505773728e-05
-6.55033850466216e-05
8.83381928622139e-05
-9.76742186161563e-05
9.32094206506797e-05
-7.68116356855105e-05
5.20778722895338e-05
-2.36186770897125e-05
-3.79480325821353e-06
2.60632866208803e-05
-4.04226369466997e-05
4.58252253228422e-05
-4.29822919374541e-05
3.40748753115873e-05
-2.22023551693507e-05
1.06846387169383e-05
-2.35807707673496e-06
-9.97685392725320e-07
-1.00652234233110e-06
7.33472915575614e-06
-1.57907618103183e-05
2.35249721650752e-05
-2.76784756856778e-05
2.60346849079648e-05
-1.75471741488647e-05
2.63725591766115e-06
1.68007242076516e-05
-3.76920281189980e-05
5.63203950504149e-05
-6.90138564800596e-05
7.28493146412716e-05
-6.62428442704180e-05
4.93127050327567e-05
-2.39431854801934e-05
-6.46803544318241e-06
3.75384427518257e-05
-6.46140638932278e-05
8.35426627426150e-05
-9.13705743171646e-05
8.68405187514704e-05
-7.06033243439074e-05
4.51075456836252e-05
-1.41881100587837e-05
-1.75720277351634e-05
4.55941932953831e-05
-6.60388633454281e-05
7.63970432403633e-05
-7.58398427604049e-05
6.52727314792284e-05
-4.70944101321559e-05
2.47125364267835e-05
-1.91024812784994e-06
-1.78188164001988e-05
3.18474323030718e-05
-3.88039598704286e-05
3.87116321018279e-05
-3.28637226828422e-05
2.34695916119638e-05
-1.31480473748410e-05
4.37060684261921e-06
1.03646071608523e-06
-2.23672610388883e-06
-4.87903102673701e-07
5.84441700178938e-06
-1.18452505880510e-05
1.62674390506682e-05
-1.71606833425653e-05
1.33018685799689e-05
-4.50451660010734e-06
-8.27995312454007e-06
2.30919288330546e-05
-3.73024337472783e-05
4.80987761036373e-05
-5.30260286974869e-05
5.04817659808335e-05
-4.00691579611667e-05
2.27389828765991e-05
-6.89619042607745e-07
-2.29615400188063e-05
4.46797412098826e-05
-6.11000944219711e-05
6.95967778450498e-05
-6.87333800445430e-05
5.85145265272588e-05
-4.03942898446047e-05
1.70400991633041e-05
8.10592888583611e-06
-3.13909303450948e-05
4.95419471640686e-05
-6.01813062742346e-05
6.21795385775352e-05
-5.57887807088490e-05
4.25394106721259e-05
-2.49248272210098e-05
5.93614086887086e-06
1.14664712239151e-05
-2.48501924100496e-05
3.26868916496891e-05
-3.45486815535900e-05
3.10940776235578e-05
-2.38563372000755e-05
1.48816525172288e-05
-6.29125940358160e-06
-1.46490772173380e-07
3.35241498667933e-06
-3.11906560813511e-06
1.08431371905080e-07
4.33011503434598e-06
-8.48180162148037e-06
1.06619133844719e-05
-9.60462093439998e-06
4.76689093362580e-06
3.51402572213090e-06
-1.40425400673300e-05
2.49643623535140e-05
-3.41076506290530e-05
3.94018616924994e-05
-3.92948628053551e-05
3.30881578980863e-05
-2.11244469462614e-05
4.78851005436157e-06
1.36833710186430e-05
-3.15549021659898e-05
4.60416952813502e-05
-5.47841311546924e-05
5.62571050655089e-05
-5.00432838990950e-05
3.69205064451397e-05
-1.87468905172040e-05
-1.83692401348207e-06
2.18366715106127e-05
-3.83898654618588e-05
4.92236436027624e-05
-5.30066210510747e-05
4.95358870109404e-05
-3.97301203898219e-05
2.54344226029547e-05
-9.07557075926858e-06
-6.76797558488242e-06
1.98033552889432e-05
-2.83905838939872e-05
3.17771577104245e-05
-3.01629943304897e-05
2.45905940333034e-05
-1.66874305871601e-05
8.31404621490985e-06
-1.18734594159664e-06
-3.44863708277045e-06
5.04301476424832e-06
-3.80999982632536e-06
6.42387745487108e-07
3.11288623249205e-06
-5.97014198258711e-06
6.64712328106525e-06
-4.36495320035324e-06
-9.54689121168013e-07
8.63573008209877e-06
-1.73499845733463e-05
2.53580527011169e-05
-3.08442369971660e-05
3.22821198209126e-05
-2.87605507728218e-05
2.02061245912932e-05
-7.45666168279955e-06
-7.83263780508844e-06
2.34378128387709e-05
-3.69280803552772e-05
4.60780816133601e-05
-4.92572212069675e-05
4.57259761135670e-05
-3.57849385482754e-05
2.07481902318530e-05
-2.74371593926270e-06
-1.56256879908844e-05
3.17027431546783e-05
-4.32046047319383e-05
4.85863406504723e-05
-4.72768114423620e-05
3.97476906196169e-05
-2.74061255540462e-05